1.78655	-16.6429
0.465578	-2.55134
3.13193	-0.616078
-1.01692	-2.27125
3.55382	-6.19192
-4.92648	-4.62141
-1.16386	-4.30679
-5.97893	-5.27502
2.26539	-2.77541
4.11984	-3.85002
0.470529	-5.35392
4.52545	-5.18283
3.75378	-6.25696
2.29318	-4.45721
4.93206	-3.3528
-14.0864	-26.3758
-17.0596	-30.2358
-21.4896	-24.1954
-16.4824	-34.1399
-18.3342	-33.1357
-17.0102	-32.0453
-15.0878	-33.8072
-14.6315	-31.8309
-7.44747	-31.0694
-2.63643	-22.8494
-2.95106	-23.1909
-2.81769	-25.0002
-1.02756	-25.7318
1.10743	-25.335
1.92034	-25.9204
5.60493	-27.1254
5.25424	-25.9939
6.82978	-26.5046
6.6962	-26.2174
8.43883	-26.7725
7.14576	-27.9407
0.829373	-19.835
-1.35812	-24.979
-1.03563	-30.6248
-2.10612	-34.6876
-2.6582	-37.2258
-1.29095	-39.8784
-2.07452	-41.9373
-5.52416	-40.265
-5.17575	-39.8097
-7.41625	-37.9346
-6.52296	-38.4093
-0.854389	-25.739
-2.35138	-35.8841
-2.38471	-42.0143
-4.15549	-41.2471
-7.24591	-38.9823
-9.72953	-39.7167
-10.1556	-39.9073
-9.34568	-38.7279
-9.14699	-39.4479
-6.31296	-40.7601
0.772592	-41.6831
1.70122	-35.0816
-3.9696	-26.8055
-5.69938	-28.7458
-3.85173	-33.4039
-3.1211	-33.6998
-2.85057	-34.282
-1.86158	-33.8883
1.36625	-35.5626
0.657136	-34.2248
1.31453	-24.1553
-2.34318	-19.8275
-4.17463	-22.6091
-5.5391	-21.2165
-6.19034	-22.3081
-5.04945	-23.9891
-5.19543	-26.0764
-4.93252	-29.9325
-8.00461	-28.5748
-8.13692	-27.4508
-11.1687	-17.9807
-10.8944	-16.9321
-6.78297	-18.6611
-6.06998	-26.0982
-7.70853	-26.0292
-8.71747	-28.7827
-8.84544	-29.4173
-11.4338	-29.2839
-10.758	-30.9039
-8.31752	-35.1429
-6.17724	-36.6306
-4.17177	-33.4354
-2.72424	-31.6727
-7.88102	-28.7795
-8.76786	-22.3242
-7.74402	-23.3625
-12.1184	-20.5587
-12.9097	-15.7527
-7.13467	-15.0814
0.148831	-14.7113
0.419447	-5.50783
-7.66083	-10.0818
-16.4878	-6.55405
-6.72319	-5.46099
4.35663	-9.09564
-2.34709	-11.551
-0.593872	-16.4594
1.92362	-13.1039
0.170076	-28.4121
-0.0296612	-28.0105
-0.422114	-24.8265
-5.40435	-24.7153
-7.03847	-23.6378
-3.13681	-26.0976
0.294206	-29.9214
-1.14605	-28.4832
-4.54499	-22.2486
-3.46088	-17.1423
0.989369	-17.9281
8.3607	-8.38156
-0.0859558	-4.40121
-3.77661	-8.97728
-14.5297	-14.1315
-14.3866	-5.096
-13.9472	-3.45133
-11.0369	-3.46594
-19.5146	0.728388
-14.113	-8.75735
-13.9484	-15.3336
-2.91035	-12.3177
-4.62547	-23.4037
2.7804	-14.088
3.45911	-10.1419
4.91686	-10.6429
4.89737	-5.49859
5.7782	-3.99755
3.20331	-0.808396
10.2476	-1.16611
8.08888	4.46963
3.90944	-2.05418
-1.32159	-12.1001
2.13189	-21.3071
-0.802461	-30.1111
5.46564	-24.6954
5.02191	-11.7423
-2.14055	-11.6373
-8.49717	-24.3999
-5.41536	-30.74
-9.41992	-29.409
-8.56825	-30.4203
-7.55977	-31.1835
-5.11004	-30.9082
-6.06113	-29.7237
-10.695	-24.5813
-12.4633	-19.253
-13.1337	-13.7993
-13.7929	-8.90669
-10.7335	-5.5486
-14.2907	-1.17266
-16.2019	2.0203
-17.4096	0.134399
-18.5438	-1.29022
-21.8821	-3.85836
-13.9092	-1.50576
-2.10616	-7.36239
-2.15603	-6.71682
-5.83167	-11.7306
0.744043	-7.88676
4.69878	-8.41678
3.34486	-0.278509
4.17996	0.777155
1.80775	-10.7248
3.80928	-13.2415
2.21888	-12.1
3.80497	-17.4101
11.7963	-12.6465
7.74555	-18.2222
0.0690139	-29.9547
-11.9985	-26.7173
-12.1204	-20.0236
-10.1101	-16.5748
-9.77054	-9.67699
-5.27449	-0.243219
-14.0742	-5.81311
-8.88321	-3.99497
-12.9351	3.37233
-8.43875	-1.8449
-1.49933	-0.360571
-6.80908	-3.21282
-6.5298	2.22765
-6.83958	4.77238
1.13367	5.28409
-0.849734	3.16529
3.23089	2.77147
3.43815	2.84225
2.85706	5.33724
4.78698	-3.01135
3.06272	-5.26271
3.95057	-6.07787
-0.860443	-1.85914
3.00257	2.12543
7.06962	-0.779182
4.06063	-3.20967
1.32929	-6.87055
-0.0632897	-3.37016
5.58131	-3.24257
0.335848	-5.92203
4.17721	-2.13199
-1.61897	-3.85083
-1.44367	-7.04383
1.86349	-1.87624
4.87833	-1.19857
6.51673	1.41357
5.0715	-6.79426
3.65164	-10.4515
6.21257	-11.5949
2.98729	-10.4562
7.01267	-5.42406
7.10045	-2.83117
-0.716562	-8.55297
-9.52174	-22.4401
-4.94584	-26.2622
-3.91537	-32.9738
-10.188	-28.4662
-6.17587	-19.4831
-10.1387	-8.89337
-10.6742	-14.5547
-10.202	-19.3123
-11.0985	-23.5427
-11.3817	-24.1146
-10.6288	-26.1867
-8.5588	-29.3828
-9.1714	-30.3515
-7.90967	-33.3693
-6.15869	-35.5273
-5.11979	-38.3739
-4.19068	-39.2229
-2.61213	-39.0592
0.572589	-40.7557
3.06733	-40.0794
2.33788	-40.8191
1.98392	-40.6108
0.536367	-38.4861
-3.22112	-37.8815
-4.56904	-38.4608
-5.73782	-39.1977
-6.38408	-41.3134
-6.38273	-38.7584
-7.45135	-30.6755
-11.2455	-23.5624
-15.8716	-16.7748
-21.1684	-14.7624
-22.3238	-15.4521
-24.2747	-18.5037
-19.1101	-20.8726
-10.7712	-23.3124
-7.77301	-17.9738
-2.99366	-3.87149
-0.94262	-15.4474
-8.87154	-17.5642
-5.85614	-17.91
-8.53997	-14.7555
-6.39855	-20.0631
-4.21774	-27.1796
-4.07395	-28.3753
-4.99906	-28.0973
-7.8198	-29.8536
-8.88187	-29.576
-9.02554	-29.8175
-11.2206	-27.4193
-10.6897	-22.9991
-11.4017	-21.3016
-10.2715	-17.2085
-10.8546	-14.7394
-9.55542	-14.7698
-9.05133	-16.312
-10.165	-15.3016
-10.3881	-15.5435
-9.1139	-16.9294
-8.06571	-20.447
0.686064	-25.1328
8.33272	-24.4723
6.1259	-25.6311
8.84704	-25.6117
8.33324	-28.0554
8.63784	-26.7679
8.14438	-27.333
-3.68849	-20.6099
-4.22215	-19.0532
-2.55619	-22.583
-1.47786	-25.5572
2.89846	-27.5983
5.99059	-26.3197
6.1037	-29.5945
3.80307	-30.2857
4.39579	-31.1318
-2.44795	-25.8825
-2.78743	-25.4811
3.37319	-22.9139
5.21153	-25.3465
-2.11061	-21.6339
0.663623	-15.7618
5.15845	-12.0397
5.51145	-13.1137
-4.33369	-23.414
-3.54874	-23.2693
-0.206058	-24.3854
-1.51388	-32.6564
-4.33808	-26.3459
-5.26882	-23.6093
-2.45496	-25.7301
-7.31765	-19.7963
2.26748	-12.4726
2.65196	-10.7258
-0.506065	-12.9801
4.79987	-15.168
-1.04993	-17.3114
-4.05978	-20.4274
2.39252	-14.4018
-9.90104	-16.8093
-13.6134	-15.2419
-13.8036	-14.2334
-13.4749	-14.7649
-10.5581	-14.2211
-6.35004	-10.1054
5.77379	-5.87052
4.16529	-18.7783
1.51885	-12.5702
-6.88384	-22.4796
-5.80692	-19.3557
-0.692355	-10.5682
3.33552	-9.44845
-5.09516	-19.2914
-11.898	-14.6178
-4.62163	-24.1293
-13.0603	-15.6423
-6.678	-20.6989
-9.62545	-12.8847
-7.11556	-6.09434
-10.4653	-5.92344
-12.9467	-4.94311
-15.4686	-6.82405
-16.493	-9.87097
-16.2004	-3.56211
-11.4422	-14.2356
-10.8212	-11.2759
-8.71343	-10.939
-5.10978	-22.6927
-12.2688	-24.6546
-3.78097	-29.0328
-8.49038	-22.5129
-5.37458	-24.7176
-11.0827	-21.2006
-7.70334	-14.9418
-8.41918	-3.6304
-7.50382	-2.87024
-6.88492	-10.2311
-6.50673	-10.8371
2.47573	-9.01293
-3.30465	-9.29517
-6.01708	-9.74648
-6.66927	-7.70338
1.26418	-14.4627
-0.756743	-16.733
-0.353293	-16.6525
-6.31976	-17.9226
-3.474	-17.1088
0.473894	-19.1591
3.1309	-28.4834
6.83074	-30.5114
6.70738	-29.1515
2.949	-31.9523
-1.15164	-28.3744
-7.96639	-25.7512
-14.9322	-24.0802
-15.4762	-22.5337
-10.6236	-28.0423
-1.77619	-28.17
-0.459857	-26.4122
2.6219	-29.0376
2.14539	-26.8492
1.07615	-24.4816
3.66142	-23.6884
2.33316	-14.178
1.24649	-13.9832
5.27818	-14.0991
2.4825	-12.6898
3.88645	-7.01477
-7.7398	-14.7266
-4.68588	-14.311
4.54222	-0.150371
0.864249	3.18512
-11.1421	-19.025
-13.0761	-23.9024
-11.9915	-23.1682
-5.86802	-17.6146
-0.575232	-5.93749
1.97398	-1.26442
-5.86945	-8.84805
-6.87497	-16.1376
-9.36298	-9.64041
-4.3655	-6.60188
0.180424	-3.98443
1.84261	-8.31929
1.79414	-17.3448
-1.7526	-17.4813
-9.34361	-17.4218
-4.44685	-16.8752
3.10029	-1.03338
-2.46826	-13.1604
-5.82864	-15.2444
-3.81085	-14.6363
-5.40386	-13.0719
-4.43704	-14.4918
-5.36162	-11.041
-4.94748	-11.6604
-6.06746	-12.1391
-5.25575	-13.7774
-3.82865	-17.3055
3.48584	-26.1585
4.02021	-28.9383
1.95273	-25.35
0.676723	-20.1948
-0.460046	-19.1008
-2.02536	-19.9981
-3.13857	-19.3756
-0.74012	-21.4003
-2.15698	-24.9583
0.657477	-14.089
5.49263	-10.5243
9.34551	-5.07567
4.4074	-8.09231
5.69928	-7.2973
4.35925	-1.74402
4.20287	-1.45279
5.71333	-6.0256
0.298385	-7.81479
5.3774	0.299677
4.0756	-1.95574
0.609979	-2.75343
1.01963	-7.77214
0.0100175	-6.72596
1.32634	-5.15222
-1.27134	-6.70376
-5.97576	-27.1844
-7.03622	-28.0037
-5.41324	-36.5309
-6.80836	-37.0687
-5.18698	-34.2558
-7.82581	-28.3062
-6.58855	-23.3021
-3.45344	-11.422
-3.83099	-8.75803
-2.61113	-7.75486
-10.2858	-11.5677
-8.3011	-6.567
-2.40071	-12.3162
-9.00544	-9.29253
-6.57232	-9.36308
-3.45687	-11.7155
-4.60057	-4.22047
-0.330081	-4.35104
-0.667712	-0.805044
-2.43891	-3.25724
-12.2436	-18.8976
-17.4845	-17.5739
-17.5973	-15.7763
-16.5577	-15.801
-19.3517	-16.9265
-19.3983	-14.382
-16.5634	-17.7553
-14.8381	-21.1469
-8.92492	1.62155
-7.44775	-2.52681
-4.07214	1.66204
-16.874	-7.36667
-8.70873	-4.00841
-1.80668	-9.74332
-13.0115	-27.456
-6.80633	-30.528
-1.6825	-34.121
-2.70926	-26.6276
1.63602	-23.5317
7.70738	-28.8665
4.52907	-27.4241
6.78449	-23.3411
2.81773	-20.7626
-1.83797	-18.563
-1.61687	-17.3963
-2.60459	-14.2468
-7.53664	-19.8517
-9.21702	-19.5659
-9.96579	-18.0097
-13.0298	-14.853
-12.797	-15.4781
-14.2052	-12.8062
-15.4448	-10.8761
-7.32612	-9.2485
0.731531	-7.59504
-3.52292	-5.15606
-10.5738	-11.7664
-22.983	-7.91563
-6.71225	-16.6967
-15.0209	-30.8833
-14.7754	-30.7084
-14.8386	-28.562
-14.7561	-21.9822
-15.0933	-18.8525
-15.3308	-17.1859
-11.4582	-16.6081
-8.79028	-11.9935
-5.78525	-7.80855
6.05276	-6.74306
5.0968	-4.72509
5.04337	-9.19947
-0.867591	-12.2537
1.04229	-13.4415
1.64021	-18.521
-2.09129	-23.9104
2.19137	-27.0096
3.75084	-20.2963
5.21738	-33.2318
-1.13596	-35.9397
-2.126	-37.4885
-1.18051	-36.3137
-0.864132	-36.6765
-0.0901878	-34.054
0.248351	-26.6535
-2.54564	-16.2962
-8.92058	-8.55665
-9.63729	-11.9156
-14.011	-15.7278
-16.8511	-15.276
-16.385	-20.0911
-20.625	-16.6521
-16.4089	-16.0586
-12.9666	-16.7746
-7.74483	-21.6079
-2.39643	-25.1788
-1.59907	-7.02247
3.79192	-16.4673
-1.91761	-14.875
2.67093	-11.2328
-2.12575	-14.9434
-8.85083	-18.084
-8.20121	-20.3668
-7.12209	-23.7629
-3.32087	-26.1067
-2.65806	-30.1961
-1.7521	-32.3275
-1.36154	-35.0038
-1.42854	-38.9958
-1.61933	-37.7179
-2.89376	-34.2017
-3.66031	-31.2131
-4.16463	-29.0344
2.18474	-28.2757
3.93458	-29.1019
5.81536	-32.0837
5.98513	-32.3222
4.35866	-30.394
2.45317	-30.5426
2.42862	-28.2181
2.89417	-22.4011
0.231486	-21.3209
2.36502	-25.0069
0.739881	-21.1353
-1.15888	-12.5721
4.60508	0.0490231
-11.8605	-4.08791
-11.5201	-10.4071
-14.6724	-10.0565
-13.7759	5.67555
-15.4677	2.26971
-20.5932	1.45816
-10.1878	4.24583
-18.068	-5.83886
-12.7996	-6.46888
-3.42658	-5.18394
2.13045	-3.74472
-2.32544	-7.6393
-7.11751	-8.97214
-8.65656	-9.07653
-7.20754	-9.95862
-6.91822	-8.81542
-6.98879	-10.7887
-7.02254	-8.93968
-5.48952	-11.2953
-1.85859	-9.05586
-4.16605	-8.51167
-4.75037	-7.07393
-7.67746	-4.97936
-9.44906	-4.9435
-6.64024	-8.84252
-3.58745	-4.3179
-4.6324	-0.679552
0.454616	-1.85683
1.36902	0.922675
3.48645	1.98975
9.3277	-8.75212
0.892437	-5.86011
4.27376	-3.54624
6.49797	-4.3428
-0.381286	-5.24844
5.89996	-5.71024
5.32654	-5.12372
5.1215	-2.56616
4.72235	0.451236
0.208163	-9.5884
4.76639	-2.86342
0.499513	-7.06365
1.45887	-2.05904
3.01679	-4.78473
4.38598	-4.88032
2.58984	-6.5624
-2.5387	-7.60274
6.5202	-1.74423
9.26281	-6.25255
3.88239	-18.6205
-1.18898	-20.974
1.69983	-24.0146
3.41965	-25.4217
4.08032	-19.349
0.920478	-17.0325
0.789281	-18.8908
9.04986	-30.4849
6.61071	-35.8258
9.05982	-32.2075
7.85654	-29.3886
2.01226	-27.6348
-3.35683	-21.4159
2.10702	-21.2765
1.27332	-11.2806
0.609912	-5.19905
-1.45732	-4.69015
-8.91039	-12.5175
-9.11691	-8.95985
-11.2283	-9.02275
-14.0053	-13.7523
-12.116	-13.1967
-9.96954	-12.5783
-12.477	-18.6962
-4.64937	-24.1867
-1.10798	-34.41
-0.921893	-37.2742
-2.63498	-35.9123
-0.510543	-38.2355
-1.00899	-38.4321
-2.00866	-37.7676
-1.51617	-39.6163
-1.89779	-37.5854
-2.82747	-36.852
-1.22714	-32.6588
2.42133	-27.42
1.11016	-27.1532
1.46155	-31.5509
-0.0409463	-31.7648
-0.012964	-29.6421
2.56518	-30.5894
-0.0294341	-31.6829
-3.02834	-33.3182
-2.22992	-33.7523
-6.66475	-27.575
-7.44098	-22.4303
-7.60624	-22.6532
-8.09783	-16.9619
-6.36351	-16.0502
-1.33426	-24.8185
-1.3153	-25.0633
1.77222	-21.4941
-9.43636	-14.8963
-11.1578	-11.5296
-15.7745	-13.027
-7.68196	-22.7858
-6.12524	-28.739
-7.57857	-26.3936
-7.00492	-23.417
-6.73389	-21.4075
-6.21237	-17.843
-8.62053	-15.3373
-12.1791	-13.0684
-16.7067	-12.0392
-11.0671	-20.1731
3.37455	-1.16782
-3.57554	-17.3533
0.774923	-24.3642
-6.25739	-19.1654
-7.06546	-22.0081
-5.81156	-19.8728
-0.199412	-13.142
-3.21636	-34.3895
-4.28043	-38.5177
-8.29135	-40.3408
-7.35232	-39.4403
-1.48117	-35.8765
2.89134	-38.3454
-1.56664	-24.4333
5.71309	-13.6583
2.60443	-12.5193
3.17066	-20.4339
-0.250643	-20.2879
-5.74307	-30.5594
-0.675894	-21.5011
-4.67245	-24.3414
-7.85168	-19.8963
-8.46287	-16.7287
-9.69011	-14.6236
-11.7906	-15.4199
-4.42369	-25.5577
5.04736	-23.075
4.13159	-21.2666
5.17437	-20.9295
4.21374	-21.6406
4.17296	-24.7074
2.38413	-24.1801
2.4615	-24.0966
-5.2603	-23.3814
-8.14305	-28.2706
-10.7798	-28.0418
-12.8366	-24.2825
-11.2604	-25.0246
-12.7048	-21.3509
-6.47086	-21.0433
0.183407	-19.7056
6.113	-23.0319
7.33863	-28.0233
2.94497	-25.4396
1.29929	-20.6082
-1.36779	-17.9853
2.68094	-18.873
5.1582	-17.2226
4.48637	-11.2826
9.65691	-5.16545
6.98825	-5.8217
9.34411	-8.84777
6.29665	-12.6786
10.4445	-11.7403
-5.52389	-3.34021
-15.9874	-16.1123
-10.6776	-19.5339
-6.27495	-26.6499
-3.41641	-36.5532
-2.94805	-37.3508
1.88047	-41.7922
0.127461	-41.799
0.502867	-42.5045
0.558436	-36.9831
1.87204	-29.7029
4.97664	-18.3957
4.05349	-15.542
0.0574075	-19.6497
0.825752	-21.1947
-1.61024	-14.2105
1.80074	-10.9604
-1.57718	-14.1361
1.39048	-9.50738
-6.67076	-17.2013
-5.86146	-18.7381
-6.88722	-17.2635
-5.62774	-24.6767
-10.818	-23.2976
-7.31921	-25.7889
-5.66091	-27.1475
-5.7638	-25.6624
-11.8128	-19.7245
-16.5428	-17.996
-6.01846	-15.0026
-7.24597	-11.2853
-13.1086	-12.5251
-7.7998	-8.98533
-7.35921	-6.15738
-13.4362	-11.2283
-9.7037	-12.8194
-3.04523	-6.03878
-5.37221	-10.8102
-9.18057	-9.97466
-5.88938	-2.05256
-7.99722	-0.342125
-8.26605	-3.0005
-13.4941	-14.6549
-9.86612	-12.1142
1.0902	-24.0773
8.0112	-17.5721
3.94312	-9.66391
7.2842	-17.395
-6.09495	-21.5288
-7.32663	-25.5584
-12.8329	-19.9674
-16.5445	-17.5044
-18.556	-14.4811
-22.8207	-11.5653
-22.9862	-9.01504
-16.7716	-17.5878
-17.3219	-17.6161
-17.4054	-18.0214
-18.9141	-16.4917
-18.1427	-13.5686
-18.7052	-11.5999
-16.4751	-9.25829
-13.8188	-7.78218
-10.2727	-7.32965
-10.5371	-11.3372
-10.5172	-3.85622
-8.23545	-9.62336
-6.82501	-9.08492
-6.27919	-5.38567
-7.20623	-9.14943
-6.13574	-10.8179
-5.94071	-17.2603
-3.03928	-20.9069
-5.47683	-21.1226
-1.87489	-6.49777
-5.20108	-7.33624
-6.39857	-5.29814
-4.6295	-0.78046
-6.22706	-3.93623
-3.85949	-9.99146
0.489197	-5.94894
-3.82919	-3.68002
-4.09388	-6.32715
-4.37255	-5.42986
-1.03329	-1.73673
-9.84195	-4.1205
-15.1306	-6.54536
-10.2091	-13.6584
-11.0591	-2.655
-17.5883	-4.6748
-11.2173	-4.73415
-15.0891	-0.8814
-13.8049	-0.614175
-15.8102	-9.2494
-16.4107	-12.74
-15.9901	-8.02283
-11.1567	-3.02351
-8.47639	-1.9706
-8.80067	-2.73409
-6.61564	0.672463
0.0532334	2.7988
-3.36344	0.778572
3.11775	-5.09675
-0.653238	-10.7992
1.54284	-0.709522
0.574226	-6.10398
0.471204	-7.66041
2.84696	-5.11288
1.39758	-2.44159
1.45687	-4.37174
3.22127	-2.03181
-2.6757	-4.19819
0.301869	-4.48463
-4.55368	-1.08562
0.607212	-9.32216
2.25872	-5.98213
1.99633	2.972
4.90176	-3.70674
-0.733183	-0.276094
1.1478	-2.53154
2.78387	-7.79478
2.1139	-1.12383
2.30127	-5.80796
3.78529	-14.1919
-2.02735	-23.6169
1.55027	-22.428
-6.20884	-9.77624
-9.70751	-11.7246
-6.12356	-17.5698
-10.3144	-18.6769
-14.1355	-17.7724
-16.9753	-13.9699
-16.3737	-14.7989
-19.4774	-12.5533
-18.3491	-13.9728
-11.3329	-19.4328
-6.0527	-10.3951
0.433145	-7.2227
-5.16128	-6.78765
-0.859105	-7.52982
-3.34076	-6.33497
-8.31926	-2.71291
-6.88587	-6.18039
-4.04926	-4.98127
-3.76803	-5.70021
-7.18827	-12.7513
-14.0251	-12.4595
-15.8022	-13.643
-16.6136	-8.27419
-14.8551	-7.70367
-9.96699	-8.7264
-6.53106	-14.1401
-3.81353	-16.4597
-5.5146	-14.8222
-1.02072	-20.2597
-3.23021	-18.6771
-2.60811	-21.9668
-6.01675	-23.8662
-0.034612	-26.1227
-7.31923	-22.0821
-7.37706	-24.0013
-9.26023	-20.369
-12.473	-14.9503
-10.753	-12.5366
-14.1757	-13.9207
-8.20807	-15.986
-13.5926	-14.5214
-14.8714	-6.83268
-14.7374	-13.792
-13.0011	-14.3642
-17.9877	-11.7341
-16.8525	-13.6213
-17.376	-12.5158
-17.5045	-15.1772
-13.8615	-19.5559
-13.5234	-21.2903
-10.4533	-16.0708
-5.58607	-7.57557
-11.2218	-3.32848
-11.8507	-4.26717
-22.5884	-0.669505
-18.1361	-4.52349
-9.09081	2.17709
-11.4591	4.11908
-6.41532	-5.85274
-12.0223	-8.97006
-9.74631	-6.11477
-5.07783	-8.52529
0.639369	-6.39071
0.693704	-0.278779
-8.73677	-4.19088
-2.01011	-15.9516
-6.86273	-24.6637
0.899863	-27.8038
1.5256	-28.2804
-2.45618	-29.0632
-2.12589	-29.8339
-2.45175	-31.155
-7.0901	-28.7249
-10.8689	-26.6242
-12.7066	-25.0566
-13.4135	-27.4564
-14.6809	-24.5582
-13.0896	-23.2255
-9.6813	-28.8273
-9.01644	-26.7788
-6.74642	-22.4964
-7.72038	-17.5475
-8.36604	-17.5668
-9.74576	-18.9823
-5.08476	-20.5284
-1.51672	-26.2826
-0.0718496	-22.4034
-1.13781	-17.6595
-5.30388	-19.029
-6.39274	-13.9692
-11.6518	-14.2178
-14.0207	-14.4822
-16.5329	-12.2609
-17.1558	-9.53116
-14.8155	-11.7929
-12.5762	-14.4526
-17.0139	-12.7627
-17.5664	-13.4333
-22.5256	-15.6356
-25.8995	-21.7021
-20.0235	-25.0159
-21.0591	-19.7551
-18.5689	-21.0923
-19.9538	-26.7273
-18.1712	-27.171
-21.3512	-32.2585
-22.9347	-20.0264
-19.9418	-14.3037
-14.6368	-13.3093
-9.26714	-11.5905
-2.3266	-14.7435
0.0380393	-18.9943
0.275538	-23.7446
3.83985	-33.2218
2.26336	-21.3071
-1.49093	-18.6492
-4.40261	-14.0908
-5.31519	-12.7229
-4.79755	-12.9777
-2.62402	-21.4583
0.0356654	-27.7863
0.203415	-30.6139
1.92219	-28.9714
3.58167	-27.3927
4.24451	-24.866
-1.98177	-16.7421
-2.21524	-18.2049
-1.75435	-12.7026
-2.75336	-2.26397
3.15505	-3.33525
7.2079	-3.95578
1.38738	-4.43984
1.65831	6.66174
1.00129	-1.11015
4.35488	-2.44582
-2.52452	-1.6879
-4.45795	-1.50102
-2.34429	-1.87731
-1.0833	-9.70565
6.14585	1.05762
4.76906	-7.22481
3.18484	-5.96678
2.94769	-5.81675
2.28842	-1.90666
4.01917	-9.12829
6.604	-1.11213
-0.452397	-4.69229
2.62525	-5.71309
8.62628	-5.9115
6.43615	-2.62093
7.1069	1.13807
5.90014	-6.67752
4.37639	-3.40327
5.18711	-5.5264
5.40917	-5.80055
4.04662	-1.53897
7.9747	4.19868
11.2126	-2.31815
8.50742	-2.10921
9.30242	-4.86573
7.05298	-1.5825
7.34642	-0.846674
6.93613	-4.46231
-4.93182	-16.3235
-10.5263	-22.0933
-4.64252	-5.37077
4.43162	-1.4444
-7.91033	-14.6688
-12.8958	-12.0526
-17.4775	-13.3626
-17.1103	-16.4228
-17.9401	-17.6377
-14.7502	-20.4925
-16.3171	-20.3129
-14.1402	-21.5371
-14.4575	-18.5464
-12.122	-17.2068
2.06217	-24.8675
4.28885	-24.5828
4.49906	-26.1696
4.65713	-30.133
2.62544	-31.1114
1.14836	-31.6853
3.27034	-30.4258
3.58506	-31.9324
-3.39887	-20.9264
-8.67107	-24.082
-9.71113	-21.8983
-10.4384	-22.0151
-8.04709	-18.855
-8.08317	-24.9826
-9.2749	-26.1219
-10.3288	-23.9304
-10.3352	-19.2482
-10.7265	-18.2861
-10.1952	-14.8831
-10.3082	-15.3594
-12.6743	-14.5433
-14.095	-13.866
-16.183	-13.2915
-17.0412	-15.3378
-12.9477	-16.4885
-1.58561	-12.887
-4.73252	-13.0601
-4.82822	-6.66036
-4.8175	-15.6983
-7.36581	-17.2566
-5.29466	-7.78765
-5.94452	-7.73723
-6.63339	-11.5038
-7.15795	-14.4919
-6.5521	-13.0791
-6.04916	-8.16246
-11.5307	-21.7948
-9.23415	-20.9858
0.919393	-28.4838
-6.88559	-19.7349
-7.83838	-24.6569
-10.711	-21.8258
-12.8541	-17.3215
-8.6412	-15.9963
-11.1324	-14.6643
-7.78358	-16.2287
-7.05742	-15.5986
-5.20561	-17.8691
-7.34683	-12.3272
-11.3146	-10.6667
-15.6706	-12.9508
-11.3622	-16.9115
-15.8019	-16.5062
-6.14832	-16.5113
-0.0701197	-8.67175
-6.83627	-9.26488
-5.29557	-11.1707
-8.09495	-8.39366
-4.92475	-3.75671
-3.80722	-8.74546
-9.26904	-20.3933
-12.816	-20.3195
-16.4635	-24.7696
-2.83167	-16.3622
-1.63248	-18.4304
3.14393	-20.8492
-2.64436	-34.7142
-3.0642	-34.33
-2.96802	-29.7675
-0.777855	-31.8036
2.59235	-34.5368
5.36694	-35.6031
3.39746	-31.5515
2.24761	-28.1347
0.887788	-25.1662
0.38791	-23.1955
-0.699632	-22.8199
-1.20571	-24.9656
-2.58073	-24.6662
-6.19322	-20.8695
-8.66326	-20.3954
-10.1069	-18.893
-7.99471	-22.5896
-6.20933	-25.698
-1.52146	-17.7432
-1.48293	-11.3186
-3.69655	-5.28467
-6.38428	-9.61479
-13.043	-10.3139
-9.36808	-8.51817
-13.5816	-4.95911
-8.52992	-11.161
-7.01479	-7.72044
-13.1485	-12.6916
-8.76505	-12.3172
0.424496	-11.1013
4.80682	-18.3942
-2.14191	-27.7727
-6.96283	-26.8927
-10.0182	-24.3119
-8.82251	-21.3848
-7.1691	-22.0725
-8.61647	-19.0663
-6.44408	-21.107
-14.1807	-13.5395
-14.3945	-6.74783
-14.584	-7.15517
-15.1898	-8.70006
-7.88291	-12.1167
1.63552	-15.6331
-0.0492184	-11.2751
-3.39784	-13.3101
-1.63941	-7.02461
2.25351	-11.9738
0.983622	-14.7898
3.65128	-11.2752
-4.67141	-17.4455
-4.39872	-19.067
-1.19513	-5.27953
-4.46581	-13.2611
3.00299	-10.6911
-9.50725	-14.248
-11.2262	-13.8212
-10.8592	-12.6473
-7.10203	-14.2195
-7.49108	-12.1992
-6.71607	-12.4803
-7.63417	-9.49605
-5.60032	-12.3694
-3.91451	-15.9739
-2.34684	-19.1103
-5.83345	-18.9103
-8.61007	-11.251
-4.57566	-11.7319
-8.68859	-10.021
-4.18582	-15.2961
0.596039	-25.8493
0.245455	-31.8512
-2.49433	-33.2762
-3.61165	-34.82
-6.38579	-33.52
-4.92636	-31.9524
-10.0387	-28.53
-8.51681	-27.5156
-1.55343	-33.4753
-0.790224	-29.2383
-2.07671	-23.9591
7.39654	-8.63753
1.3641	-6.14814
3.30519	0.698384
-1.43819	-0.0381258
6.1497	-8.98074
4.62703	-8.11406
5.85181	-8.43687
3.23015	-11.9585
1.82636	-7.06794
0.551027	-2.66308
4.25788	-7.60807
6.45001	-6.09319
2.12183	-7.48648
-8.90071	-18.6026
-8.06276	-15.9196
-12.8329	-17.111
-13.4898	-16.7261
-6.09124	-12.9061
-3.50451	-14.7315
-0.667043	-18.9813
6.31414	-7.69921
-3.79638	-3.89
3.72564	-10.7118
0.235028	-6.49436
7.21198	-1.80272
4.47815	-5.39711
3.2402	-3.09137
5.28203	-5.28099
5.50359	-2.63471
4.87394	-5.24901
4.95134	0.144461
-0.615292	-15.8021
2.83476	-4.68329
3.23979	1.99184
-0.0699737	-2.72956
1.85325	-4.78281
1.52823	-7.0221
7.14068	1.28393
6.2713	-3.46456
4.06737	-3.7514
-4.32879	-14.8938
-4.06583	-22.0684
5.83706	-16.4216
12.1959	-10.5406
3.60128	-22.2613
-0.24326	-25.3784
0.601133	-27.79
-1.02895	-31.3696
0.625168	-34.855
6.63208	-36.1046
11.5122	-34.2228
3.52724	-21.1334
8.9911	-18.0907
2.2495	-16.7482
3.98637	-17.9911
4.49315	-16.581
-5.06165	-17.9377
-4.04998	-20.8579
3.25098	-33.0143
-2.43362	-38.5897
-10.7537	-38.1413
-10.8383	-36.0535
-10.2663	-35.289
-7.40647	-32.4005
-1.03146	-24.1954
-1.55692	-13.2482
-0.562918	-22.2012
0.914996	-17.3441
0.465679	-18.6443
-0.528339	-12.3143
-8.26247	-16.3602
-4.81679	-13.3545
-4.77514	-23.7979
-4.24231	-34.5572
-7.52018	-30.0364
-7.28203	-29.3391
-7.80207	-28.6111
-7.77363	-23.5418
-7.66532	-22.4941
-5.79763	-26.3319
-9.25864	-24.8651
-8.11857	-21.2538
-6.21321	-16.1012
-0.504829	-10.8839
-1.04811	-8.77294
-7.85042	-10.6484
-8.15577	-7.21722
-0.398801	-15.2767
2.56952	-26.4475
-3.87311	-23.9706
-2.67067	-22.6336
-5.71915	-17.8497
-5.85249	-21.7792
-14.4224	-27.0509
-13.5063	-22.6351
-10.1413	-21.9576
-6.96845	-24.354
-2.21525	-24.6018
-2.76235	-23.144
-4.56647	-23.1431
-3.89487	-21.921
-2.26089	-20.6251
-1.29343	-21.7007
-3.65641	-18.1887
-5.01076	-15.5117
-4.7638	-13.6581
3.72321	-9.19446
-1.41244	-1.57183
-0.554253	-1.32423
-8.79084	-5.05428
-5.23269	-6.91484
-4.66861	-2.44783
-11.7239	-15.3252
-10.0572	-19.638
-0.303812	-15.4564
2.65617	-9.1174
1.93519	-31.3199
0.336768	-38.7924
-3.42027	-36.8148
-3.48867	-39.0574
-3.73356	-38.9782
-2.52647	-39.4727
-3.22559	-41.6597
-1.77049	-40.457
0.179454	-43.5537
-1.16974	-42.0647
-0.665215	-41.1201
-1.8453	-41.342
-2.36976	-40.6182
-3.56792	-39.1624
-4.30222	-36.653
-4.47016	-35.902
-5.71376	-33.3658
-4.38572	-30.8432
-4.76421	-29.5881
-3.9959	-25.0943
-1.83033	-21.2081
4.80141	-26.1955
9.62495	-34.9852
7.31123	-32.8842
4.54005	-29.2049
6.40005	-30.5346
6.6573	-27.7628
7.74048	-27.8723
8.09832	-30.1469
8.35353	-28.8637
7.6799	-27.6917
7.46544	-28.3539
7.62297	-28.61
-1.5999	-23.4833
-4.49201	-25.9815
-2.76387	-27.9466
-4.9558	-24.6639
-5.0694	-24.5403
-6.68155	-23.0523
-7.11915	-22.4618
-7.66956	-19.534
-5.45478	-20.4285
-6.55077	-13.4365
-6.3428	-4.9319
2.22709	-5.12363
2.04489	-10.4516
-2.0688	-13.1839
2.90837	-20.8693
3.33494	-27.2121
3.8317	-31.9022
3.11059	-36.1857
4.43477	-36.0964
3.30626	-33.9659
1.52486	-24.1914
-10.9422	-13.6933
-10.2838	-16.7743
-7.95485	-18.1389
-5.20092	-22.2353
-8.68497	-22.4909
-14.5483	-17.301
-16.7744	-16.7862
-20.025	-13.9871
-19.4297	-16.1101
-18.9256	-18.1351
-18.5772	-18.0616
-18.3915	-17.7236
-17.8436	-16.2743
-16.5325	-15.9108
-13.738	-12.8649
-12.4857	-11.99
-11.8732	-13.4101
-11.9493	-16.2193
-13.3385	-18.5456
-14.6341	-18.5798
-14.525	-18.4222
-14.2199	-17.9333
-13.7172	-18.1205
-12.6482	-18.4342
-10.6544	-18.1182
-12.1565	-14.7022
-12.0919	-12.8282
-9.3648	-16.0978
-9.20767	-11.309
-9.94457	-9.79584
-13.375	-7.20009
-12.2271	-2.58094
-5.3279	-3.22138
-7.57841	-8.7264
-7.28788	-5.40848
-2.86478	-14.378
-2.17188	-9.27394
3.80428	-9.19935
-4.13162	-11.2997
-8.82958	-10.8491
-6.27653	-13.2788
-5.12738	-10.5185
-8.35735	-8.22608
-7.10437	-8.90021
-7.24397	-9.19777
-4.50856	-10.1542
-2.91418	-9.85016
-3.941	-6.942
5.87518	-6.47445
3.01483	-8.12869
9.70403	-4.423
7.27405	-2.653
4.49315	-1.22816
2.49899	-4.17831
-10.5185	-16.341
-8.05483	-18.716
-8.44481	-7.55038
-7.09252	-29.0969
-7.06334	-34.2497
-8.75779	-32.7519
-5.86379	-31.8798
-1.639	-22.1582
0.277656	-25.632
1.80706	-25.7307
2.6092	-26.6602
0.843464	-23.2589
1.34343	-23.5959
-1.60652	-20.5709
-1.82661	-21.9921
4.00849	-17.1956
-2.08447	-12.4809
-2.34525	-5.20732
-6.81611	-3.57706
-10.1752	-3.70251
-11.7304	-6.1838
-1.60734	-4.46429
1.06223	-2.7349
-1.09582	-0.0936142
-1.86012	-4.4167
-0.592281	-5.41127
-3.18531	-2.36704
-15.3784	-21.4029
-13.1394	-21.8157
-7.45935	-24.7507
-5.19754	-21.6304
-3.53123	-10.5766
-10.9042	-11.0154
-12.481	-15.5524
-3.24394	-27.3559
-8.10489	-30.2222
-7.86326	-30.6943
-9.97947	-24.5716
-4.2	-24.3574
-2.21251	-15.4387
-6.60851	-5.69188
-15.6945	-7.01586
-14.1332	-3.46891
-15.5757	-14.9604
-17.1409	-9.13917
-14.6017	-2.76645
-16.1625	-12.2237
-13.5093	-14.3103
-8.21585	-19.2214
-9.65875	-11.957
-5.10985	-15.3727
-0.862076	-10.3788
-1.26148	-17.1742
-5.66918	-11.0499
1.56274	-16.2933
-1.62553	-16.4736
-1.60498	-12.885
-1.97978	-11.7841
6.33838	-10.2783
-0.214101	-11.9694
1.1644	-14.8156
0.0879457	-23.0405
7.95807	-16.0909
4.64227	-17.542
8.4367	-24.8959
8.32933	-23.8225
2.2513	-20.6338
1.81297	-19.5628
-0.260765	-16.3048
-1.06256	-14.7974
-5.03472	-12.5133
-1.44546	-18.1043
-3.56899	-13.8917
1.57378	-10.8263
6.14108	-5.43291
13.4058	-2.74992
12.091	1.33341
-19.3743	-12.33
-15.604	-9.22534
-8.51879	4.46912
-9.73712	0.254535
-15.3581	-10.6393
-14.9386	2.1599
-13.6707	-9.63763
-15.9869	-7.05227
-16.3499	-7.91311
-8.75232	-5.96735
-7.62322	-6.70606
-6.87512	-5.49157
-6.63224	2.23331
1.86913	-13.2424
-1.23857	-2.96173
1.05997	0.228546
2.41417	-0.0698147
8.27332	-4.70294
4.80694	0.655213
7.13643	1.49121
-0.911884	-6.17819
0.683255	-4.75885
4.25157	-8.38177
8.34158	-8.58111
8.45858	-1.00264
4.14624	-6.35632
2.30276	-10.186
-3.14617	-12.3216
-3.70863	-8.06183
9.02029	-7.56166
-0.611657	-5.39288
0.421662	-5.30308
5.86477	-1.87883
4.31782	-2.80311
3.55357	-5.98998
1.0062	-4.88648
0.416732	-4.04954
-0.0252752	-23.037
1.5835	-21.7451
-7.20789	-18.4857
-10.3469	-23.8544
-8.29334	-27.7281
-6.61558	-30.3901
-7.94274	-28.6267
-8.42739	-33.7834
-9.60471	-36.8475
-10.9767	-38.5746
-10.2232	-37.2058
-5.46635	-38.2681
-3.62518	-34.7454
-1.87647	-30.4513
-5.95417	-22.028
-8.64892	-15.6645
-7.41819	-14.8997
2.83145	-22.2377
0.338428	-22.7772
-0.345309	-18.6673
1.81431	-20.1994
-4.2971	-12.6996
-16.3601	-6.55112
-10.5093	-14.2559
-17.2274	-9.82283
-19.7218	-7.82043
-22.5312	-6.26915
-22.7799	-5.46728
-22.6464	-8.01328
-19.3186	-8.5646
-6.78803	-5.0093
-6.1884	-15.164
-1.33371	-16.3969
-3.28006	-13.7516
-1.2254	-13.8573
-6.51078	-9.40704
-7.76837	-10.0003
-9.84465	-15.2345
-12.7088	-21.4519
-3.00522	-10.9741
-15.062	-11.7483
-19.783	-9.40583
-21.8577	-7.49128
-21.0923	-7.30451
-20.1978	-8.69549
-17.6343	-4.3959
-6.52485	-11.0153
-3.91622	-18.4352
-4.04725	-18.6836
-9.27134	-23.4996
-7.68992	-12.9416
-8.6228	-12.7031
-10.7537	-21.7369
-7.90422	-18.6495
-13.8641	-14.8138
-14.5391	-12.6257
-13.4756	-13.6383
-15.8698	-12.7894
-14.3625	-10.5099
-14.747	-9.02051
-13.6606	-10.7893
-8.8005	-18.2743
-10.7663	-17.9221
-9.76096	-21.3277
-6.90376	-21.2321
-6.71069	-21.4793
-1.06035	-22.0886
2.09802	-18.6385
3.66196	-17.6127
3.2576	-18.6687
3.53792	-19.0845
3.74554	-19.2266
3.88359	-19.991
5.88516	-20.8253
2.1949	-17.1979
3.39655	-19.657
2.64158	-19.1223
1.81346	-19.1234
0.536259	-16.5222
-1.32676	-13.889
-4.67198	-14.424
-19.2702	-23.809
-25.3956	-17.6462
-25.7839	-16.8335
-26.7549	-14.381
-28.0664	-12.9171
-28.314	-12.6853
-29.7805	-12.3052
-29.6514	-15.1863
-28.9176	-14.8604
-26.1161	-16.8141
-18.2005	-18.7029
-10.6396	-19.1803
-7.2063	-13.4913
-3.70945	-14.783
0.684732	-9.61502
-1.10784	-7.29441
-1.02663	-2.92775
3.84693	-9.20504
0.402559	-11.6295
0.583791	-20.6038
-0.735964	-24.1474
0.768046	-27.7762
-3.72515	-29.738
-7.22895	-26.9878
-10.8966	-25.5222
-12.7304	-22.4499
-18.8534	-17.9452
-21.0842	-14.9495
-18.8953	-13.3147
-17.7339	-14.1663
-20.0618	-13.4025
-16.1592	-17.103
-19.0406	-13.9218
-18.9618	-14.585
-19.1752	-12.3082
-19.9189	-10.3176
-19.7779	-10.9065
-18.5325	-8.62677
-18.0777	-10.1912
-18.5205	-7.75633
-16.3033	-10.3925
-16.5052	-11.2047
-15.3457	-11.8746
-12.9789	-12.3586
-11.1833	-12.4269
-8.11899	-11.1276
-6.67657	-10.4754
-5.44349	-11.4359
-4.72962	-11.8533
-4.04249	-13.9722
0.354013	-17.4574
3.1123	-20.6532
4.92451	-21.6843
6.60479	-27.3578
6.3784	-25.9563
2.25529	-24.405
3.27722	-26.0693
3.16819	-26.1341
0.445678	-18.8659
-3.23202	-15.881
-0.57603	-17.4593
7.82937	-14.2101
5.50696	-4.62547
0.0578865	-0.0276115
-3.12608	-4.28337
-5.92908	-2.4089
-10.2759	-1.70791
-12.7594	-9.61572
-8.98106	-13.8184
-6.80265	-18.0487
-6.8156	-11.1289
-2.63692	-11.7676
-1.12327	-9.76455
2.42227	-14.2775
-10.0088	-26.8355
0.260684	-38.2414
-2.61376	-37.6871
-4.19337	-33.7608
-5.30488	-33.7616
-2.43999	-33.9383
-9.74244	-26.2257
-1.87219	-28.7582
-9.15186	-28.2722
-4.48081	-23.3718
2.66828	-12.998
-0.762573	-8.59983
-9.92254	-10.9269
-14.3622	-9.94108
-11.4642	-7.47793
-9.38518	-4.6659
1.65491	-4.21927
7.70861	2.98771
-0.0211414	-13.7081
-1.93257	-8.70228
-2.16185	-11.0569
-0.979452	-13.5283
-5.22264	-11.4693
-11.3413	-10.0708
-1.73421	-17.4881
7.6463	-21.7493
0.85027	-25.7584
-14.9615	-9.70465
-10.5299	-12.5263
-9.73054	-15.2701
-7.9101	-14.6025
-5.26051	-13.9478
-5.96264	-10.5765
-7.91197	-7.03107
-11.5403	-4.18633
-12.5483	-16.2794
-4.7112	-16.7901
-3.95337	-23.6727
-0.72692	-19.5266
2.2505	-6.38139
1.06055	-4.66796
-11.3665	-14.5716
-9.35916	-13.1516
-9.2557	-15.1422
-9.07453	-15.657
-10.5944	-10.8096
-11.52	-14.931
-7.49269	-23.1362
-5.06833	-16.3843
-1.61347	-12.6868
0.62301	-22.8004
-1.23725	-31.3273
-3.03846	-33.8892
-4.88881	-29.9472
-1.52711	-29.9924
6.71509	-24.7491
5.29096	-13.8895
-0.607812	-12.6692
1.53265	-12.6711
3.00618	-3.84996
-0.827747	-5.27386
1.25924	-5.84455
-0.0533569	-13.0913
0.572482	-4.02305
-20.9418	-4.98624
-18.3318	2.59094
-12.6546	-2.75657
-24.1288	-14.2882
-7.71419	-9.91364
-3.3392	-2.96059
-6.76348	-20.3355
-17.9338	-19.9445
-15.9697	-24.1934
-16.5505	-21.4188
-14.7898	-21.2946
-10.5738	-22.8603
-6.24248	-25.1103
-8.01302	-20.2852
-8.48868	-22.6625
-5.86072	-24.649
-3.93214	-21.5292
5.05133	-15.7369
6.93808	-2.69087
5.91911	-4.73749
-24.4868	-20.3861
-20.0783	-13.8661
-6.08324	-16.4055
-1.82354	-11.309
2.87069	-9.55742
3.88008	-8.38691
9.10772	-8.44661
-1.85259	-13.2206
-8.18308	-18.4664
-13.2864	-14.5291
-9.4196	-20.1393
-11.6505	-20.9278
-16.7455	-15.7463
-18.2244	-12.3479
-19.884	-9.5705
-25.5027	-8.31268
-25.5131	-13.1068
-24.5709	-16.6739
-24.0197	-21.5986
-18.9017	-21.1641
-18.7171	-18.5853
-10.0328	-20.0646
-13.3018	-17.1643
-9.69144	-24.5613
-3.32553	-26.2637
-0.706669	-19.2308
1.20951	-3.01671
1.60492	-6.96076
-2.28459	-14.0777
0.975212	-15.4094
2.91906	-6.17183
1.80224	-15.0575
0.607667	-12.9399
-4.8335	-11.4215
-0.233699	-10.4524
1.12563	-7.74169
-1.8333	-10.4174
5.33313	-4.00372
0.980199	-10.7577
1.61837	-8.60849
5.62452	-2.24275
0.982097	-2.78122
0.23096	-1.26302
1.94463	-6.33119
-1.53363	-4.41986
0.549938	-4.43307
4.11352	-5.35219
1.60691	-6.55847
1.54515	-5.97165
2.70353	-5.71035
-5.25429	-12.41
-9.1704	-13.8254
-2.4049	-3.39639
-6.77736	-15.6852
-9.01697	-9.81742
-9.66093	-6.42864
-12.9447	-4.20278
-14.9512	-3.17175
-6.31798	-14.2167
-11.7708	-7.50372
-15.1889	-7.36637
-17.097	-8.36888
-18.9865	-7.43873
-19.9053	-9.98057
-19.8416	-10.0923
-18.9964	-9.57399
-17.2121	-10.3142
-16.8712	-10.1716
-15.5182	-9.32344
-16.4099	-7.6183
-14.672	-7.93008
-11.9855	-9.36281
-8.81489	-10.63
-7.17415	-15.3384
-5.0648	-19.4037
-3.57632	-19.0365
5.87598	-24.3996
-3.92925	-23.8718
-4.46077	-18.362
-5.76988	-21.1784
-2.2428	-14.0349
-0.854031	-15.0788
-8.2533	-7.17083
-14.2101	-9.53738
-22.1899	-6.74053
-20.9886	-5.1395
-13.6877	-4.13723
-11.2235	-0.627095
-8.2992	-10.4987
-10.2732	-10.8564
-14.237	-13.4754
-12.994	-9.46455
-11.9273	-3.80147
-12.2901	-2.39543
-10.3297	-2.55029
-10.2168	-6.67392
-14.6486	-3.12537
-12.5865	-5.96718
-11.8983	-3.84228
-10.6953	-0.50549
-12.0741	-3.4075
-9.73444	-4.10086
-9.91217	-8.37555
-5.55736	-6.87778
-2.65101	-7.3973
0.536265	-12.0056
-1.58491	-11.6812
3.41048	-16.4889
0.434554	-20.4193
-0.128716	-25.9563
-4.07333	-26.4586
-2.98727	-32.9651
-0.739822	-38.4412
-1.4456	-40.5444
-2.98738	-39.6961
-1.78386	-42.1105
-3.18883	-42.3488
-2.9258	-40.7393
-2.69739	-41.949
-2.11083	-39.8025
-3.30145	-39.1191
-4.04933	-38.0243
-6.09092	-37.7573
-7.35479	-39.0486
-6.69747	-37.9608
-6.48162	-40.5722
-4.85112	-39.7755
-4.57538	-38.9489
-5.88786	-33.8727
-8.48534	-24.5503
-15.1031	-19.3543
-16.834	-17.7117
-21.9034	-13.2864
-25.4669	-16.5455
-24.7133	-19.5254
-30.7504	-14.5009
-32.0011	-17.4395
-26.5204	-22.4808
-31.5038	-17.724
-30.839	-18.3639
-28.864	-18.5855
-24.5413	-19.1411
-13.3733	-15.2343
-6.56419	-15.3852
1.71232	-2.18016
3.53293	-10.0761
6.79763	-1.28907
-0.545588	-3.99616
-8.42853	-0.994829
-12.9236	-7.92507
-10.76	-5.24546
-14.4727	-10.0325
-13.9686	-7.4792
-13.2391	-9.22451
-9.3221	-6.97065
-7.87859	-5.44193
-0.831511	-9.18141
-6.9891	-12.7652
-9.08361	-8.84161
-6.10721	-13.1655
-4.90827	-15.9466
-4.40429	-15.5796
-2.60486	-17.3023
-1.90089	-21.1376
-1.26036	-21.2184
-2.04214	-30.2685
-3.80485	-27.3486
-7.55469	-21.2898
-7.79284	-19.8789
-4.10158	-19.5847
-1.09601	-21.9957
4.28233	-12.9878
-0.765858	-9.77184
-3.71431	-15.332
-2.35525	-18.9509
-16.2848	-16.7002
-26.2839	-19.2437
-18.2999	-12.7936
-12.2697	-6.02097
-13.5478	-10.1288
-4.63521	-0.375904
-12.8963	-16.39
-15.9753	-14.9843
-15.0946	-15.1823
-4.88748	-20.9441
-0.0358325	-26.4512
-0.439591	-26.1585
-1.1261	-25.2396
2.85774	-30.3342
1.81294	-29.2204
0.00264772	-26.255
-2.10621	-20.9585
-5.66667	-22.4624
-1.11228	-29.8183
-2.24228	-31.0183
-1.77121	-31.5952
-2.97171	-29.5197
0.264543	-28.7773
-3.32456	-28.694
-3.87899	-28.2812
-0.0671121	-26.8056
-1.90023	-29.4238
3.42101	-27.0162
5.04231	-23.3235
4.78427	-26.1445
6.84057	-14.7587
5.50659	-20.1397
7.57584	-14.9677
5.66244	-14.4316
2.15425	-14.1975
6.07548	-14.2225
-4.61002	-16.2852
-0.152678	-8.85282
-2.99033	-6.70732
1.18601	-7.34879
6.05952	-14.078
0.616562	-4.9054
3.53411	-5.38184
3.0399	-2.66154
5.85557	-2.60915
3.78911	-9.01411
0.066149	-1.24647
2.11672	0.0662616
-2.18417	-6.70892
-2.64132	-4.44776
4.58825	-2.6917
5.10534	-8.8129
2.07757	-12.0465
-1.50653	-3.77633
2.91291	-5.03348
9.25088	-4.12687
8.2162	-3.60131
-4.24431	-22.923
0.986783	-23.7538
-4.66581	-21.0499
-2.08163	-22.2855
3.27635	-20.6617
1.88301	-20.9034
-2.82893	-25.7171
-9.33468	-22.4328
-14.9924	-17.2385
-15.1142	-15.072
-14.8674	-17.2972
-13.8168	-17.6724
-9.20331	-19.8942
-4.39266	-19.7647
-5.25687	-17.5152
-2.26942	-17.4008
-0.6066	-24.0016
-1.58308	-27.7303
0.381246	-36.5964
-2.84224	-38.2062
-3.72457	-37.6817
-2.15499	-33.9982
0.90843	-32.5393
-1.43914	-23.344
-0.110578	-15.571
0.107945	-12.047
7.80088	-6.9462
11.3264	-4.51832
10.4408	-6.07824
3.39805	-3.77661
4.96675	-9.40829
3.31747	-9.29865
-5.80558	-15.6726
-9.55498	-15.7183
-10.6246	-14.4286
-12.449	-11.2042
-13.8725	-9.10461
-12.0686	-10.0296
-4.79843	-16.0173
-3.3072	-19.9975
3.79935	-15.9381
5.7775	-11.5141
-5.42811	-9.30069
-11.0489	-13.0566
-14.2995	-17.3865
-16.4746	-13.3047
-11.1706	-11.7494
-13.5447	-4.39221
-10.9346	-4.30125
-16.389	-8.02106
-12.6815	-10.5681
-8.1902	-17.3882
-3.16219	-13.5622
4.22113	-20.0428
0.300085	-33.7362
-2.48666	-33.9939
-6.72064	-28.6918
-8.95034	-27.4264
-11.8337	-25.4384
-13.4072	-24.2051
-13.2899	-22.3163
-14.2095	-20.551
-14.8354	-19.9262
-16.4664	-19.094
-14.4391	-18.0866
-15.7756	-17.1792
-15.4279	-15.8626
-13.7366	-17.868
-14.8119	-15.639
-12.6568	-17.5382
-15.5543	-13.9722
-17.9753	-11.8913
-18.7232	-13.6493
-20.634	-10.3989
-21.6284	-9.29536
-19.6451	-9.63629
-19.3849	-13.874
-18.814	-12.6224
-19.0445	-13.5201
-20.7012	-10.2857
-19.0752	-10.4219
-9.56998	-17.105
-6.30006	-23.2665
-8.89431	-14.4289
-4.81766	-14.4911
-0.149442	-13.61
-8.14313	-12.6089
-9.78607	-6.13423
-5.83913	0.84694
-12.8296	1.07012
-14.5027	-0.803491
-17.5653	-0.801399
-9.18287	-7.27195
-10.4902	0.284134
-10.5851	-2.93509
-9.92459	-0.565756
-9.21615	-5.34788
-4.34952	-10.1001
-5.48634	-10.0025
-7.24625	-10.3621
-11.003	-13.6022
-10.37	-15.054
-9.41988	-14.3351
-7.64308	-18.4336
-4.09492	-20.9572
4.77385	-23.0473
6.40412	-27.0568
4.89013	-27.9574
6.73029	-30.1505
4.51963	-28.874
4.56672	-29.2507
4.17603	-31.5273
3.24999	-32.4698
4.26637	-34.3388
4.23344	-34.0866
2.49418	-38.7876
-1.55288	-37.3242
2.00652	-38.2382
3.52622	-29.9793
-1.3607	-22.2497
-3.1114	-27.9054
-4.76686	-33.9581
-4.95083	-36.9467
-6.13053	-38.866
-3.87756	-41.3954
-2.59509	-41.8446
-1.55345	-42.5045
2.78281	-43.0128
4.04342	-45.198
2.42213	-30.1504
2.76972	-22.3817
7.02551	-18.6376
7.45588	-20.363
-3.38247	-23.0083
-9.96422	-16.1229
-13.7196	-7.00222
-19.443	-1.9139
-18.2425	-9.62736
-7.10973	-16.5859
-1.56204	-11.3151
-6.59773	-9.90024
0.144834	-5.94331
-4.80893	-16.7011
-7.71206	-20.2738
-14.0411	-14.7249
-16.3286	-14.3868
-12.1138	-18.499
-9.42929	-22.9317
-9.9764	-22.4384
-8.95873	-21.2869
-2.68437	-13.1214
-1.70025	-10.8387
3.48116	-7.43522
-2.99567	-10.3622
-3.62999	-13.9026
-6.18315	-15.7628
-9.81824	-22.9082
-2.83427	-12.893
-4.73853	-20.3217
-5.2867	-24.3352
-0.392362	-30.5914
0.380048	-30.0102
-0.583461	-26.3717
1.8358	-23.815
1.72114	-31.4426
2.65589	-30.7001
4.53067	-31.1176
2.15492	-30.383
3.66012	-29.1512
2.51904	-30.6448
-2.48709	-26.3721
-9.75706	-19.2881
-15.3241	-19.8865
-17.1762	-18.7873
-17.6065	-20.9172
-17.5014	-24.0694
-13.8944	-26.381
-7.82903	-27.4931
-4.06051	-24.9714
-3.83196	-23.8099
-2.75659	-22.1151
-1.52115	-24.3054
-2.80431	-22.6882
-1.34657	-22.3967
9.10516	-22.677
6.57082	-29.2589
6.0877	-28.0621
7.52787	-29.4475
9.3308	-29.5736
8.13034	-26.875
6.14353	-21.9227
-1.19913	-18.8534
-4.93407	-15.511
-5.66838	-14.8424
-7.45837	-13.0177
-6.89813	-13.5286
-6.92046	-11.183
-8.14472	-12.4173
-4.85943	-19.2399
2.76586	-20.4265
8.45222	-19.9628
4.47388	-19.4549
2.12263	-13.685
-1.91102	-13.3901
1.64994	-16.2812
2.25657	-14.5725
3.26862	-5.74354
3.49205	-1.37974
-2.29465	-5.64029
0.363258	-6.31041
1.12303	-13.0788
15.4487	-6.13295
5.68741	-10.4124
4.29401	-10.0955
2.88592	-18.3969
-0.690219	-28.3199
-0.123432	-32.5281
-7.72696	-27.3503
-9.73398	-28.6733
-10.2313	-28.0286
-10.3416	-25.9472
-9.37465	-24.3697
-7.16226	-20.5475
-4.51323	-25.5212
-5.45145	-18.8816
-2.79466	-16.3068
-3.24394	-19.8589
-5.61358	-7.45409
-2.6041	-6.7206
-0.871242	-8.36475
0.0360362	-6.50722
4.04991	-6.41708
0.41157	-8.18218
6.3738	-14.5149
-4.55703	-11.7819
-11.6888	-10.4068
-15.5466	-8.29197
-16.5463	-8.62934
-14.838	-11.262
-11.1797	-15.2138
-12.1651	-14.859
-12.3822	-12.6097
-17.7184	-7.16018
-16.2215	-9.16098
-9.77557	-10.9566
-4.67175	-4.78112
-8.85761	-1.1356
-14.8624	-8.69929
-17.7572	-4.34305
-19.3391	3.377
-18.3192	2.96182
-13.825	3.32195
-22.1026	-2.96731
-15.4613	0.0987056
-10.7953	-1.32746
-11.3378	-3.67717
-1.78907	-8.68717
-16.484	-13.7517
-17.5729	-12.8726
-19.5289	-10.3311
-14.5061	-15.4609
-14.7781	-17.3264
-12.9405	-18.0831
-18.6	-14.5605
-24.0179	-8.8935
-25.297	-9.94889
-26.0167	-10.4289
-15.3067	-8.51534
-3.78816	-14.9623
-0.492925	-11.4674
-3.83508	-13.4476
-7.34682	-18.0797
-1.68945	-18.1968
-0.503524	-10.2536
-0.010509	-9.56716
-9.82077	-28.0395
-20.2532	-24.726
-17.2712	-26.5626
-13.0409	-28.6222
-10.9848	-26.4933
-6.35627	-25.9372
-5.11081	-25.7799
-5.74604	-23.6525
-2.71058	-23.5464
-2.48251	-22.1292
-3.07907	-20.542
-0.416622	-21.7017
-1.73909	-20.1323
-2.62554	-19.6336
-3.8621	-13.0335
-8.42257	-7.71557
-8.79871	-17.1618
-8.61968	-19.2045
-6.55822	-23.556
-5.62795	-23.9757
-3.47749	-22.3776
-1.12762	-28.5879
0.402598	-31.8993
0.269245	-32.0363
-0.847133	-31.2603
-1.3935	-29.5755
-2.05383	-29.476
-2.4652	-29.2341
-1.27492	-30.1575
-10.3322	-29.1014
-7.78369	-34.1236
-3.89467	-33.7862
-8.9824	-28.6062
-7.78539	-27.0775
-5.95797	-28.0935
-1.84847	-28.3419
0.613354	-26.2195
0.291872	-27.7769
1.72309	-28.1497
3.28834	-24.0904
1.16579	-15.2757
-1.26197	-8.1313
-4.13912	-7.87171
-5.66036	-6.67699
-8.31545	-4.84591
-11.7409	-1.51682
-7.16662	-8.96247
-12.6429	-2.68981
-10.1989	-6.34883
-7.85116	-5.34462
-10.6188	-9.53391
-8.7957	-4.12252
3.07102	-6.32068
5.33558	1.53086
1.6835	-4.38216
0.141135	-7.33706
4.97321	-10.7825
3.18692	-10.0537
-2.69259	-10.8992
-3.59984	-3.24671
-4.04737	-14.7174
-2.54217	-9.9208
-8.78289	-1.21291
-9.0946	2.85734
-15.1481	-9.94933
-19.9599	-10.7553
-20.7494	-9.23006
-22.6627	-8.0329
-17.5092	-8.88769
-8.68084	-11.3914
3.06741	-22.8583
5.4097	-22.7957
6.83348	-19.4346
9.0084	-22.4784
7.32107	-18.1493
-4.6683	-18.5725
-4.87912	-13.6067
-2.71327	-13.6133
-5.98798	-11.9039
-3.95442	-14.0108
-1.12143	-16.2294
-3.44481	-14.6623
-5.46688	-10.8676
-7.43114	-9.6412
-6.27156	-11.5354
-5.99803	-12.9368
-7.49211	-11.2052
-7.60297	-11.3054
-8.80534	-10.5018
-6.29618	-12.9989
1.03838	-8.94033
-2.03373	-14.3595
-2.97634	-15.4602
6.66669	-8.03136
7.96415	-4.69066
0.436138	-4.70425
-0.760743	7.77578
-0.520991	-1.16143
-8.60125	-13.1416
-10.5022	-13.2555
-16.5995	-6.49325
-16.7704	-3.06809
-15.0557	-6.63341
-11.6459	-10.6567
-11.8568	-12.2691
-12.1833	-15.3222
-15.3551	-13.9219
-14.0064	-14.1085
-12.5496	-14.684
-9.0178	-18.5266
-7.44582	-27.4168
-6.01452	-34.1205
-4.75079	-35.7342
-2.85957	-21.4122
0.0148272	-24.8156
1.76252	-27.2367
-0.615308	-26.2758
-2.4864	-25.3092
-1.568	-20.0736
-2.0121	-18.8209
0.0217398	-19.2657
4.08894	-7.77678
-9.36269	-13.8108
-13.2292	-14.1859
-11.3279	-9.35218
-6.94871	-10.1026
-8.65079	-7.55537
-12.6823	-7.75108
-4.16166	-14.8913
0.746837	-7.02271
2.94239	-5.51399
2.18119	-8.33029
4.11068	-9.53454
3.73874	-7.49479
4.11984	-11.3896
6.09601	-23.6816
0.876416	-33.1962
-3.32958	-34.3354
-1.58764	-40.1246
-1.96716	-41.1003
-2.35271	-41.6096
1.56482	-33.9534
-0.879169	-22.3054
-3.57739	-29.2754
-3.76938	-30.1981
-6.87618	-28.3661
-7.70093	-22.993
-10.2101	-18.8185
-10.6727	-17.151
-10.4783	-15.8628
-11.7443	-15.9542
-11.7804	-17.3043
-10.9409	-19.4921
-12.6837	-15.9713
-17.9319	-10.1949
-17.8884	-10.6901
-14.6196	-13.3997
-7.84064	-17.3046
1.04157	-7.19245
1.5155	-13.4733
-5.38229	-19.008
-5.45782	-17.923
-6.92745	-13.194
-10.9917	-11.4243
-12.3022	-11.1927
-10.1751	-12.9739
-17.2084	-14.3619
-15.9819	-14.025
-11.2344	-16.4439
-10.7827	-19.5443
-9.0669	-15.725
-6.83186	-11.3787
-9.71838	-14.289
-10.0056	-11.9325
0.218642	-7.22941
-0.288885	-7.92609
-3.37231	-8.52055
-10.4085	-16.1818
-7.40507	-16.3225
-7.43854	-19.7756
-9.98661	-20.0528
-4.54802	-15.9143
-5.28885	-18.9531
-7.87257	-14.8657
-9.77189	-13.8385
-10.4305	-11.6338
-2.19356	-16.6325
7.82826	-21.7709
10.3923	-22.2257
9.47906	-19.9336
7.2411	-19.2007
-0.433521	-17.1131
-8.03201	-18.0837
-16.0213	-8.20871
-13.4358	-5.75599
-11.178	-5.6228
-9.66925	-9.15381
-9.06652	-11.6552
-8.39169	-15.9736
-6.28502	-21.5522
-5.2894	-21.9859
2.48622	-16.2038
-2.40608	-10.5102
-2.52617	-10.3493
0.236328	-4.57947
-4.48375	-6.66135
-6.01648	-11.2065
-6.94097	-17.4705
-13.5513	-25.9285
-2.45146	-32.2533
-9.15883	-33.5992
-6.61826	-36.9502
-7.21887	-33.7061
-4.05875	-33.2063
4.65956	-34.5038
3.69177	-27.8205
4.35202	-22.1881
-0.0806447	-19.8343
-0.297499	-18.9704
4.64582	-18.4964
4.68638	-18.4363
3.51257	-16.2938
2.53194	-19.3546
3.96482	-20.8155
4.6617	-18.8745
6.89857	-12.7224
-0.226017	-16.9403
-2.13273	-18.9959
-2.89564	-26.8911
-2.3409	-29.4706
-5.38886	-24.7363
-7.78499	-20.136
-8.75497	-17.0333
-11.3542	-13.4435
-10.7102	-11.3571
-1.61258	-9.91815
5.65301	-13.3059
3.68446	-18.6902
-4.22256	-18.7467
-5.18374	-14.3942
-2.39297	-10.1698
-4.99832	-14.6598
-10.2298	-13.2213
-8.52227	-11.4328
1.47833	-8.62172
3.21932	2.35098
-7.09691	-9.01241
-9.20832	-10.7226
-13.7836	-15.735
-13.424	-12.9163
-7.2587	-14.9312
4.27427	-19.0452
6.99562	-21.8876
7.83726	-22.4058
7.47191	-21.6937
7.75641	-23.0861
6.9283	-21.2214
9.14594	-23.2437
8.08752	-22.8129
8.81091	-23.7406
8.74238	-24.5049
8.12064	-28.6818
9.37107	-28.2838
4.4926	-18.355
-6.73335	-16.8461
-9.19813	-17.318
-9.00818	-18.7152
-6.37317	-20.6781
-5.28685	-20.8599
-5.00802	-20.906
-9.7307	-15.2574
-10.1184	-17.0818
-11.1641	-17.6978
-5.39743	-19.564
-4.26804	-24.2431
-3.09891	-26.7494
-6.03244	-25.3222
-10.4344	-23.955
-12.7286	-19.8085
-12.4357	-20.923
-10.4466	-20.2468
-13.0498	-13.5984
-16.4583	-8.41507
-14.2714	-11.8244
-10.9951	-6.89717
-8.19333	-7.58998
-13.7242	5.83686
-20.9883	2.64535
-12.91	-0.574572
-13.6233	-7.2801
-16.8738	-2.51777
-21.467	-6.47926
-15.3713	-6.48082
-4.50895	-2.55656
-14.3595	-9.88278
-22.2489	-8.02551
-20.7869	-7.80638
-17.0647	-7.35263
-14.231	-9.44279
-15.9329	-8.00854
-16.7342	-11.9468
-10.6623	-16.4978
5.03877	-20.5385
6.19611	-14.3388
5.61566	-10.5978
-8.54392	-6.01422
-12.85	-13.088
-13.4826	-12.4662
-11.6832	-13.6374
-12.3966	-14.9289
-11.6507	-11.0535
-10.2404	-9.29973
-7.49501	-9.5061
-2.5759	-10.1013
-0.565453	-9.196
0.277325	-9.6476
1.38718	-9.49213
1.97808	-10.8099
5.03022	-13.6215
6.72444	-17.2812
1.39263	-16.4299
4.91938	-20.3613
2.86417	-21.0322
5.57439	-23.2575
5.1348	-13.3105
6.3979	-20.743
0.538309	-14.1134
2.24468	-20.4722
1.41051	-18.3288
-0.206561	-18.1233
1.33184	-14.6274
0.54348	-14.8118
8.50229	-10.5894
9.0397	-1.87366
11.2651	3.43228
5.20224	-3.26097
6.08696	2.42751
2.60126	6.20365
1.69866	0.119029
6.54785	-2.4761
2.36423	0.462447
2.16189	-3.9119
1.59702	-8.44186
0.40824	-2.93789
-0.0736161	-6.57839
1.43708	-8.03026
2.69593	-1.48321
2.27629	-1.49758
-3.1267	-2.62324
3.8683	-2.02058
2.5764	-6.58886
-1.68407	-0.256642
3.55722	-3.4713
3.74547	-10.0824
6.62078	1.04147
5.4312	4.71453
4.45382	5.05538
5.84997	-3.84853
-14.9538	-26.6177
-17.391	-31.3241
-14.6559	-36.044
-13.0334	-32.2934
-11.674	-28.0746
-5.13	-24.5175
-3.75218	-23.3589
-4.27211	-21.6288
-2.48527	-19.0407
-1.00807	-16.4883
-0.972688	-19.23
-1.15363	-18.6755
-2.63972	-18.4076
-2.85848	-17.7933
-2.35767	-17.9027
-4.28561	-20.4102
-8.55397	-23.3496
-13.3109	-20.9976
-16.4045	-14.1767
-17.9899	-5.76834
-14.3895	-4.80076
-13.7887	-5.40953
-5.07393	-8.9755
0.847247	-5.84972
-7.82013	-7.58895
-10.4235	-1.00186
-5.81857	-3.79871
-10.8517	-5.38399
-12.6839	-8.73662
-10.0235	-17.1515
-10.1156	-15.9407
-7.16652	-13.6501
-2.89295	-24.6752
-6.94824	-22.841
-10.4989	-17.0895
-7.11365	-21.9299
-6.64513	-25.7431
-7.90039	-28.7803
-7.98489	-33.0102
-10.6816	-35.0421
-12.0572	-37.5974
-14.9369	-36.166
-13.1811	-36.1525
-6.725	-19.6752
-6.37805	-20.8543
-6.53688	-22.6134
-5.22693	-24.4682
-4.27642	-23.7408
-1.41782	-22.6182
2.00039	-20.4232
0.935924	-20.34
1.4329	-21.5331
0.158646	-12.2545
-0.97672	-32.7956
-4.51664	-25.6782
-7.1133	-26.2723
-7.61683	-23.4162
-6.04535	-20.577
-6.54797	-21.1325
-8.67295	-21.383
-12.08	-20.1185
-12.464	-19.2831
-9.84028	-15.2161
-8.99825	-15.4101
-8.24199	-18.367
-6.08261	-22.2662
-5.1661	-20.2606
-4.63734	-14.8642
-1.84357	-12.6251
-0.933096	-16.2059
-0.562326	-7.11913
-13.0634	-4.74073
-24.1085	-5.68067
-14.6935	-7.02047
-7.90771	-11.426
-0.299483	-2.83897
-5.34664	-2.56461
-8.98785	-18.1267
-8.48303	-22.8868
-3.80649	-16.594
-2.71578	-18.9384
-5.53166	-20.3482
-8.32063	-21.2928
-9.12586	-23.0459
-10.6062	-18.8053
-11.743	-13.5401
-10.8414	-13.6497
-7.97275	-15.4648
-2.15363	-22.5397
2.95744	-28.9491
2.78389	-27.301
6.10747	-29.501
9.38693	-29.5937
10.5892	-29.7764
3.43617	-22.8263
-7.97621	-12.5387
-2.40187	-16.9819
-4.33101	-14.4462
-3.27932	-14.513
-3.35109	-15.0773
-4.1204	-15.1358
-4.05585	-14.3756
-4.36871	-15.978
2.70572	-5.64927
-8.78053	-0.895407
-14.5397	-3.48657
-14.8899	-0.716763
-8.79745	-3.18265
-10.0122	-4.6352
-7.42599	-9.5362
-7.08017	-12.1534
-8.68784	-19.4925
-4.76003	-16.5681
5.40699	-15.6337
-2.12335	-27.6639
-3.93471	-26.3249
-0.943796	-27.8256
-3.14349	-26.0534
-3.73833	-24.6245
-6.69583	-21.6423
-7.76535	-20.2037
-9.47169	-20.1091
-10.0082	-17.8754
-9.04363	-18.0852
-6.70821	-18.8867
-6.56442	-17.8994
-8.81222	-15.0193
-10.8167	-13.1072
-14.5682	-8.24558
-15.5936	-10.0101
-12.3276	-15.7504
-0.532755	-29.3266
4.51506	-25.6191
2.06441	-24.385
-7.30445	-19.1246
-10.5585	-13.685
-6.51256	-13.7942
-10.7072	-12.2961
-12.2558	-15.5433
-7.69945	-19.1762
-5.59458	-20.7488
-9.15281	-18.4554
-6.47179	-17.0327
-5.7049	-18.8068
-4.39581	-21.2607
4.42564	-23.844
3.56032	-23.1759
-1.92998	-23.8077
2.2039	-22.1332
8.84431	-18.3665
1.41319	-22.8859
4.62292	-26.9983
-1.16107	-23.9173
-1.26973	-29.4831
-3.99416	-26.0275
-4.70334	-30.4349
-7.76351	-27.8355
-7.541	-29.6861
-5.54228	-30.2509
-7.1815	-30.732
-8.75343	-28.2166
-4.71916	-29.654
-4.21205	-32.2484
-2.98629	-31.1502
-2.363	-27.9568
-0.301844	-26.9195
-0.97983	-29.5705
0.748673	-20.6259
3.05113	-19.7449
5.46295	-19.4108
8.15753	-17.0369
14.2065	-10.3749
8.01811	-14.7125
9.6375	-3.88024
4.8586	-5.30683
3.83182	-3.13235
2.25009	-6.76678
3.19644	-4.26276
1.92983	-5.04778
2.9827	-9.40169
-1.24141	-6.59609
4.13231	-7.35961
2.67176	-7.76666
4.96197	-0.258216
1.07852	-6.67808
0.332432	-1.70936
3.23911	-5.91385
3.73389	-1.97961
3.28314	-2.04498
4.20423	-5.45041
2.90763	-3.11019
5.19927	3.25912
3.05948	-5.97811
2.05759	-1.05137
2.57951	-7.49678
5.35404	-5.03147
-4.73602	-29.9053
-7.61374	-37.5193
0.0921223	-25.8468
6.99494	-23.082
-1.00776	-25.9814
-8.11918	-31.2818
-5.47255	-34.744
-7.02296	-37.6781
-5.09541	-33.5697
-5.76374	-16.1186
0.228501	-10.5211
-4.74959	-6.0818
-12.4141	-6.03901
-12.8081	-8.9236
-9.26712	-6.38901
-11.7205	-4.77176
-7.29028	-13.0422
0.164176	-12.1984
-5.13345	-17.5472
-7.07443	-21.6153
-8.80268	-22.2331
-7.07765	-22.9798
-6.86888	-22.4295
-2.36487	-28.4666
-0.448147	-31.1878
-0.448889	-33.3437
0.627685	-28.8106
-4.9455	-23.2413
-4.68502	-21.3368
-4.79536	-22.5843
-6.01762	-20.1976
-4.07659	-19.7597
-7.40314	-18.0604
-6.77202	-16.7639
-3.71152	-21.7774
-4.33902	-19.6655
-1.13949	-25.4732
0.832531	-34.076
5.86502	-37.3048
8.70694	-38.6339
6.54707	-40.383
2.51904	-34.7001
-2.27161	-30.8079
-5.89768	-25.9602
-9.29103	-24.4489
-11.925	-21.2183
-14.2622	-18.3664
-15.2719	-17.0491
-16.9312	-15.5169
-14.3689	-13.2767
-12.2511	-8.99439
-7.46584	-11.2407
-0.78525	-17.919
-0.439471	-16.6745
0.702123	-5.45633
-3.03956	-11.2659
-4.87953	-21.7582
-7.89073	-18.2938
-11.9836	-19.5664
-9.96152	-20.7938
-9.36912	-22.9922
-7.91579	-25.2505
-8.23868	-27.9261
-5.9562	-30.8545
-4.32845	-32.65
-0.65114	-29.5306
-3.0884	-30.0629
-4.50931	-29.8554
-7.12339	-27.3743
-5.64144	-31.4471
-3.83921	-28.4009
-4.16067	-19.7248
-1.22554	-18.3992
8.58623	-12.7393
5.54132	-5.57463
-1.10573	-20.327
0.975856	-16.6495
0.694119	-16.7007
2.75529	-33.3387
-3.69417	-34.8761
-8.24575	-30.7741
-4.60698	-28.2533
-2.20308	-25.704
0.0660421	-22.1133
0.617061	-29.6692
2.91311	-28.1712
4.22234	-29.8177
6.04671	-29.0631
7.99971	-28.4831
7.54818	-28.4241
8.89899	-28.4134
7.59473	-25.0549
1.45565	-19.2359
-2.54997	-18.2721
-3.03131	-18.04
-2.28144	-24.4491
-3.03781	-25.0486
-3.99946	-27.6416
-7.22276	-29.8435
-7.00832	-32.655
-8.59176	-34.3793
-9.53945	-35.9841
-5.48234	-36.832
-5.69853	-34.9691
-5.90592	-33.81
-7.27969	-32.6378
-7.80029	-33.4504
-9.54297	-36.1426
-8.58043	-34.8926
-8.5074	-35.6789
-8.90882	-35.7491
-7.6892	-38.1501
-5.48202	-38.9538
-5.65136	-35.5678
-4.90136	-31.4107
-3.86909	-30.0144
-2.52878	-26.2223
-3.59735	-21.0446
3.20264	-19.5978
8.3126	-21.7861
5.67267	-14.7876
2.99003	-10.9019
4.68155	-14.9334
2.92318	-15.2921
8.31267	-20.0099
2.1273	-17.6912
8.91645	-17.8335
6.79014	-12.3594
5.83376	-6.61392
6.29018	-15.3094
6.77645	-12.4547
2.40613	-10.9138
-1.48621	-8.52831
-0.107649	-5.53381
2.15071	-16.9321
2.92306	-12.2502
-11.3449	-10.4762
-14.8641	-10.7332
-10.4831	-15.5434
-8.09324	-17.1451
-10.2031	-16.0042
-9.5097	-20.5211
-6.78002	-23.6097
-6.55652	-22.8694
-2.64892	-16.9063
-6.49812	-11.1407
-8.6412	-10.9548
-4.75052	-10.4531
-4.3872	-15.9773
-6.51525	-11.259
-8.32222	-11.0836
-20.1924	-2.95899
-19.0263	5.26049
-18.2388	-4.40082
-11.9075	-9.95848
-5.1979	-9.29395
-7.88802	-14.2268
-5.45796	-15.3546
-5.05538	-11.5496
2.41421	-3.05037
3.80949	-2.20514
3.308	-7.79047
1.06592	-1.76401
4.87799	7.62904
-5.01842	-12.5853
-16.1968	-17.3099
-20.7537	-17.1746
-18.5568	-18.1205
-16.4936	-17.5151
-16.0419	-12.8948
-9.24273	-19.6597
-8.30124	-11.5793
-8.70591	-3.75004
-12.5458	-7.32198
-17.3012	-2.67393
-17.4247	-5.55738
-20.5682	-6.14325
-14.7639	-9.32032
-18.2588	-11.2813
-18.8619	-10.326
-9.02388	-16.2755
1.33116	-25.8992
-0.874842	-34.4493
-4.44219	-34.7085
-4.8247	-35.1436
-5.41196	-36.4305
-3.52995	-38.4087
0.0527798	-39.0157
1.55852	-40.4343
4.93503	-37.0359
7.71004	-29.5112
2.38686	-18.6494
4.32389	-13.7581
4.40819	-16.4401
0.357687	-10.3667
2.30446	-11.2442
4.5918	-17.2292
6.39741	-15.2731
8.57755	-18.931
1.74967	-17.5972
2.41278	-27.2005
7.27774	-33.1832
4.42326	-28.087
3.77991	-25.7784
1.14022	-23.3307
-0.612325	-22.236
-1.49786	-21.8127
-4.34505	-21.4362
-9.59686	-13.4458
-5.48824	-9.83546
-10.7001	-8.22421
-9.05369	-13.7196
-10.967	-7.84256
-6.05257	-5.58408
-4.85839	-11.7091
-2.39586	-12.098
-7.92125	-16.9151
-9.99291	-17.0719
-8.67059	-10.5845
-1.41527	-8.37819
0.390197	-12.301
4.72393	-9.20848
-2.80441	-3.03681
-10.0815	-9.40943
-10.8729	-8.56523
-12.8006	-2.42916
-6.18187	-5.31422
-14.9134	0.556678
-15.2917	-0.564448
-15.6472	0.672711
-16.0414	-3.91468
-16.1642	-1.47677
-20.0568	-3.91494
-17.9609	-3.33928
-19.4142	-1.53687
-20.3127	-0.565087
-14.071	-1.53907
-17.1997	-0.363649
-13.966	-4.73969
-4.08146	-0.640325
-6.01221	-2.64032
0.86753	-0.337646
3.93925	-4.23974
3.36101	-4.64448
0.634074	-5.3294
3.94599	-0.20646
4.71041	-14.7605
5.3281	-8.76516
1.94969	-10.5812
0.00536025	0.29377
2.77581	-1.4641
3.30254	-5.12636
2.88292	-4.72379
7.02091	-0.704118
3.72632	-1.80515
2.45513	-0.372637
3.16635	-2.49512
5.44359	-2.4432
3.7546	-2.00805
6.94665	-4.72428
9.86404	3.64813
0.779654	-2.73512
4.88912	-1.33801
-0.642668	-2.27899
2.49682	-6.95738
6.30599	-5.27835
-3.26129	-15.5213
7.27052	-4.70887
1.20811	-5.01356
-14.7307	-16.6598
-3.61703	-12.4613
-11.9556	-21.7209
-11.9674	-25.0949
-6.16156	-19.897
-3.54829	-16.4849
3.72948	-9.82538
-19.8998	-23.3385
-18.5548	-26.6624
-16.4937	-32.2885
-19.0186	-27.039
-12.9388	-33.2344
-14.8611	-29.9528
-13.7043	-29.4887
-9.10088	-28.6782
-4.92058	-29.1112
-9.03963	-16.5264
5.83528	-17.8015
4.6528	-9.75036
4.22467	-10.3878
3.75835	-16.8998
6.13337	-11.8732
1.63749	-8.2776
-11.2672	-19.2971
-11.7683	-17.5832
-9.48755	-22.1618
-7.83724	-37.4934
-8.22574	-38.7488
-9.24681	-37.0302
-8.94681	-39.8141
-8.30782	-37.8539
-4.80672	-38.6153
-4.83741	-38.7256
-4.62002	-40.5831
-7.30722	-41.0469
-8.19602	-39.1393
-13.2772	-36.244
-19.8461	-30.7816
-20.3727	-22.3768
-9.90976	-24.4481
-3.51444	-25.9657
-5.67854	-27.9158
-8.23361	-29.3763
-6.16644	-29.0749
-9.09772	-27.8321
-8.90984	-28.1092
-12.4839	-39.078
-9.70678	-39.599
-7.22946	-36.3644
-1.21814	-33.3935
0.302805	-26.9479
-2.59172	-30.7358
-7.17523	-28.2986
-8.88533	-27.5215
-10.31	-23.6616
-14.0395	-21.0973
-13.3992	-26.2706
-7.5897	-34.3025
-3.4125	-25.2741
-3.93008	-9.92189
-3.01707	-12.1188
-5.32787	-16.0687
-10.9682	-12.631
-7.66455	-7.01436
-9.87441	-15.1095
-8.73663	-22.79
-4.96402	-19.683
2.26878	-14.3253
-4.94849	-21.3846
-11.4198	-18.9606
-13.4416	-15.5072
-9.4191	-19.7819
-7.94113	-22.4337
-5.93052	-22.9522
-6.05404	-19.4331
-0.229756	-13.088
-2.00222	-17.9625
3.17215	-25.4906
1.54928	-26.256
0.77291	-29.9739
4.81717	-32.3167
6.37483	-34.1621
6.40862	-31.3118
6.13665	-31.1623
11.0358	-31.0374
12.2402	-31.3315
9.99292	-31.0773
3.20221	-24.721
-1.13027	-30.6071
-1.07324	-35.7633
-2.05078	-37.6055
-4.65791	-36.6263
-4.86091	-33.6656
0.738043	-27.8757
-0.734239	-25.6526
0.913545	-27.3378
-1.94727	-20.4143
-1.66739	-18.0167
-4.74117	-18.1368
-3.73518	-13.0242
-8.96121	-10.8701
-7.10526	-6.42816
-7.36324	-0.122298
-4.82109	-5.19592
-0.334324	1.72951
-0.304665	-5.36387
6.04931	-5.75365
-2.60633	-23.2957
-6.74326	-14.7743
-11.5743	-14.8936
-13.4634	-15.893
-11.8246	-17.9729
-11.4877	-18.7909
-9.87882	-23.1108
-12.0308	-23.858
-12.7265	-24.8154
-11.559	-23.7219
-10.673	-23.9348
-9.63509	-25.691
-7.84805	-24.8567
-8.82519	-23.9365
-7.98939	-24.8273
-4.50866	-25.7538
-3.65136	-24.3969
-9.61773	-15.5594
-15.2789	-13.4783
-14.2725	-11.4199
-8.437	3.08864
-10.7595	3.92706
-17.5245	-1.08919
-18.2115	0.108173
-7.61797	-4.43599
-4.59858	-1.57493
-2.0949	-11.0346
-3.50327	-9.06203
-4.72156	-0.0170935
2.43119	-0.808359
-9.74342	-11.4897
-12.6845	-4.66713
-6.67535	-8.05087
-8.16975	-11.6566
-4.43176	-16.1908
7.74297	-20.4746
9.30052	-21.3265
8.43078	-21.7696
9.09608	-18.9971
11.2188	-18.2292
8.60123	-18.3402
3.66243	-15.6366
1.21211	-14.0043
3.47994	-13.8793
5.95382	-17.0443
8.26623	-2.37541
3.67033	-7.65618
-3.26509	-11.9086
-7.12682	-16.7638
-12.8198	-22.2914
-7.90209	-18.4466
3.40514	-25.0231
-5.35747	-26.0494
-1.98879	-19.7757
-5.87964	-21.881
-6.88793	-24.6908
-7.3823	-25.9823
-3.96112	-27.7614
-1.97334	-27.9385
-1.22719	-28.9845
-0.614711	-30.4515
-1.91328	-28.955
-0.764421	-27.8151
-0.158953	-29.5829
-0.730662	-27.5214
1.70826	-25.4509
6.25339	-16.8359
2.94464	-18.6189
1.12483	-16.2377
4.84945	-18.973
2.56704	-16.8564
5.1011	-16.6906
4.26067	-20.8378
-0.37577	-17.7667
-6.86818	-23.0697
-12.5786	-17.9616
-14.5011	-16.7758
-10.3694	-20.853
-9.62534	-14.1031
-12.4047	-17.4784
-10.1043	-21.0303
-4.68586	-16.731
-4.11188	-16.895
-5.91778	-10.4237
-9.351	-13.0353
-13.0232	-17.2185
-14.0615	-15.4963
-19.8802	-11.9396
-16.2506	-8.43811
-8.55517	-11.2685
-11.2579	-17.1195
-7.8299	-14.3014
-2.59506	-9.09346
-9.93966	-20.3461
-11.3423	-19.5973
-15.9729	-11.0568
-11.2437	-12.3218
-3.81565	-9.57166
-6.22328	-8.38826
0.599494	-6.44542
-4.21621	-10.7953
0.816006	-9.77445
-8.72534	-9.55403
-1.36828	-11.3721
-3.28333	-10.9495
4.11624	-5.77991
2.26667	-8.69153
0.784123	-8.96718
0.854774	-9.59003
0.728412	-16.8182
4.17841	-5.84294
2.88716	-6.59133
-1.56478	-5.27094
2.40184	-6.89628
-2.61754	-5.69292
1.37952	-6.09477
3.53484	-3.94874
0.408768	-0.992682
5.70985	-3.06177
5.96304	-1.03337
6.48909	0.387403
1.48102	0.00535456
-4.58316	-3.36613
-5.1885	-7.54342
-10.2958	-9.28893
-5.02662	-1.25291
-9.64016	-2.41624
-14.4809	-7.54493
-12.0999	-13.2499
-5.08792	-14.9086
0.302738	-29.8947
0.848565	-34.9172
1.79684	-39.1652
0.583812	-38.6344
1.58925	-37.8548
2.83204	-36.3975
1.56646	-32.5539
-1.29947	-21.4351
-3.98679	-17.1487
-4.7555	-9.12517
-6.0851	-4.62294
-12.3628	-11.1456
-10.877	-9.92629
-12.7291	-16.6731
-14.943	-10.2855
-5.4629	-10.2626
-3.31253	-17.3654
-9.00609	-13.3627
2.49194	-18.2074
-4.72435	-26.9648
-3.85588	-24.2981
-3.35402	-20.9105
-3.08829	-19.364
-5.52176	-15.288
-5.90575	-16.0853
-5.00651	-13.0671
-4.43385	-11.8543
-2.96072	-14.5762
-1.87798	-16.3602
-1.4844	-18.3757
-0.682002	-20.5668
0.405682	-21.7468
-1.95788	-26.3657
-1.49665	-27.7341
-3.13456	-29.7001
-3.42828	-29.9979
-0.129117	-28.6277
-0.160419	-26.1833
-2.17452	-25.2043
-6.46943	-25.3485
-3.0601	-25.4383
-4.63473	-27.568
-5.89428	-24.7081
-6.7197	-17.4419
-5.43044	-22.4289
-0.585429	-29.5365
4.1604	-20.4487
-15.9587	-8.46158
-12.7577	-3.33487
-11.6026	-2.42936
-14.8465	-1.8862
-20.8681	-5.15526
-16.5906	2.45636
-17.2982	-9.32808
-13.384	-10.9292
-5.89427	-0.486763
-4.76001	-12.9492
-5.93581	-32.25
-4.38763	-19.5245
1.85448	-6.57146
-2.60479	-7.1784
1.87577	-4.55474
3.13353	-6.7522
8.82716	-11.9612
4.76787	-4.57907
3.1739	-4.42521
-2.11215	-8.03441
5.63819	-12.358
6.1063	-13.8343
-12.1452	-18.9491
-12.3511	-24.9407
-11.6995	-28.9986
-12.3333	-27.3361
-11.1311	-27.4662
-5.0273	-25.0893
4.40788	-23.4363
3.32309	-22.5203
4.86241	-20.9366
4.54698	-19.5263
4.32146	-20.9087
4.58414	-19.7336
7.91961	-17.6954
8.47014	-19.2457
8.83608	-19.7575
11.372	-23.4683
8.01658	-21.0914
10.6127	-22.9912
12.5254	-25.7057
9.47167	-24.5126
1.5356	-20.1727
-2.15847	-24.7719
-3.08048	-28.3316
-3.60416	-29.2869
-5.36746	-30.5485
-5.04016	-31.3237
-5.75128	-31.8101
-6.14352	-32.8776
-5.7429	-33.5014
-5.94095	-33.056
-6.30873	-33.8452
-5.61797	-34.5957
-4.54896	-33.9915
-2.18326	-34.2989
-4.88318	-27.7264
-8.35323	-24.073
-6.46234	-29.9345
-4.8357	-21.8757
-1.86592	-8.54573
-8.72029	-9.12483
-12.4199	-12.988
-3.1174	-10.5065
-11.3464	-5.88915
-3.64138	-5.11326
-9.00804	-6.0404
-11.9375	-6.66959
-10.2732	-4.46655
-7.60368	-6.73455
-10.5762	-10.8479
-13.7749	-16.0952
1.11709	-12.4966
5.9526	-14.6811
-1.33183	-13.3932
1.54282	-10.3483
0.407135	-9.00012
-1.18509	-7.58893
-0.199698	-5.82602
1.08452	-2.40794
4.6804	-1.51397
1.63504	-24.0139
4.62872	-34.9463
8.54758	-11.3856
8.18177	-15.2194
-2.10336	-25.6586
-0.0819373	-32.0846
-2.0019	-21.7488
-9.87194	-13.1856
-13.8494	-12.1293
-13.8301	-18.2878
-10.0846	-19.7605
-9.96632	-18.1103
-13.9733	-13.6131
-15.6085	-10.2148
-19.7477	-10.5642
-17.2257	-8.09859
-14.9889	-10.2965
-7.51746	-16.911
-3.54521	-26.4078
-2.3042	-34.2225
-4.14422	-36.0529
-4.22353	-36.7006
-0.683801	-33.3449
4.30471	-24.2525
3.01431	-21.2121
2.36928	-18.2511
0.985657	-12.5198
3.88642	-18.7724
6.10223	-14.144
5.64125	-16.5969
3.61593	-11.2394
5.1662	-14.5772
1.88778	-12.1903
2.27336	-12.5825
-3.50112	-16.6186
-6.40621	-19.8498
-1.88952	-29.4432
-2.60126	-34.6178
-3.55909	-37.452
-5.17194	-36.2966
-7.18288	-34.6499
-6.97901	-34.6577
-5.18004	-33.8391
-5.31498	-32.8096
-6.88587	-30.824
-6.72805	-30.8599
-7.14946	-29.7813
-5.92091	-31.6839
-6.41612	-31.3491
-7.3593	-33.1309
-7.4457	-35.6351
-6.61763	-34.3876
-6.5164	-31.55
-6.92928	-28.2392
-6.01942	-22.8324
-5.72312	-20.6993
-2.41297	-21.2046
-7.56186	-16.1101
-4.48882	-14.8229
-3.32592	-16.0546
1.3349	-12.0144
-0.844769	-13.1383
1.43265	-12.0614
4.33968	-7.54107
-5.50524	-11.8858
-7.39468	-9.89831
-6.89236	-18.4467
-2.62158	-9.38316
-2.04652	-5.21158
-3.62442	-9.68574
-7.35523	-5.40502
-3.41661	-7.36339
-6.22177	-7.27338
-9.26815	-8.27953
-11.5804	-15.9359
-15.0387	-20.3373
-6.81398	-4.585
-5.73333	-5.07429
-6.36234	0.624322
-2.44689	6.9898
-3.38731	6.22721
-2.29513	-3.55791
-0.0113976	-3.48676
0.945136	-2.81978
3.20864	-3.26251
0.338308	-3.08686
-1.50506	-7.46401
-0.262159	-6.35502
1.52919	-6.6826
2.37417	-9.38087
8.85996	-9.75861
4.48373	-13.3292
0.354173	-10.6589
-0.467803	-18.3839
-1.57061	-14.1127
-1.13125	-22.3767
-6.47809	-25.981
-0.769773	-23.6486
2.45954	-28.9256
-1.78776	-36.0403
-2.13484	-38.4251
-4.81467	-36.2844
-4.14154	-37.2199
-4.49015	-36.7597
-5.88859	-37.7501
-7.59374	-39.7751
-10.1643	-38.5353
-12.2129	-36.8295
-12.1037	-35.5925
-11.4361	-36.905
-10.3903	-36.5958
-8.21186	-36.4748
-5.86429	-36.0429
-4.60442	-36.2466
-5.1885	-33.0182
-4.20465	-29.9775
-2.6722	-32.6717
-5.8305	-28.8616
-4.46046	-29.3416
-5.91289	-30.1151
-6.66285	-29.0868
-7.04978	-33.6801
-4.87078	-28.0337
-3.25133	-30.9409
-1.33987	-31.7611
-1.71942	-29.4839
-1.55589	-23.354
-1.61571	-19.9184
-2.36257	-21.1702
-3.57952	-23.1229
-3.35121	-21.312
-3.96878	-21.1988
-3.95856	-19.353
-4.19122	-18.8084
-2.47026	-19.0385
-0.789761	-20.1093
5.25484	-26.5432
0.187012	-30.2305
-2.98439	-22.6408
-3.21299	-24.1758
-5.89506	-22.3301
-5.71135	-18.2366
1.50541	-19.2875
-2.76161	-8.08467
-10.8693	-8.51973
-6.70258	1.07439
-9.64333	-6.1754
-10.5162	-12.739
-12.0447	-11.3719
-11.1246	-7.73148
-13.1571	-9.81688
1.5073	-12.2477
1.99677	-11.0897
-4.7894	-18.5018
-9.31853	-16.9073
-10.6595	-13.1266
-9.77941	-15.1471
-10.7531	-15.6421
-10.2521	-13.3462
-12.5554	-14.3249
-12.3075	-14.0459
-14.2527	-14.7782
-15.8951	-14.8472
-13.5412	-15.144
-7.00069	-8.75567
1.0866	-5.65631
-1.62476	-5.30823
-6.77465	-4.35813
-9.31897	-14.936
-7.89357	-9.05303
-3.51828	-9.89287
-15.0612	-13.7771
-17.5524	-11.0818
-15.5225	-16.3158
-14.5696	-17.4543
-15.5736	-17.5862
-14.2508	-20.3999
-12.6278	-21.4031
-7.36905	-20.6696
-0.669137	-15.4701
-2.30923	-14.4907
-2.95404	-11.6434
-0.516478	-13.8173
-8.16985	-6.57166
-2.61517	-1.02919
-7.25754	7.90563
-10.9631	2.78027
-10.9373	1.35049
-11.308	-8.56058
-6.02217	-11.2125
-3.79671	-16.9363
-5.46486	-19.5157
-7.58038	-19.3347
-9.66033	-19.9012
-5.49562	-25.6679
1.06985	-29.257
3.43823	-24.8226
-1.05413	-26.9997
-2.50469	-25.8679
-5.90821	-21.9823
-10.0502	-14.8714
-11.3853	-9.27482
-7.98625	-11.2672
-9.60981	-9.19014
-8.51073	-11.3609
-6.89055	-13.5115
2.26235	-29.6787
2.38597	-31.1593
1.34588	-29.7348
2.45771	-29.2479
-2.50197	-26.2484
-1.46928	-19.1489
1.95053	-16.5881
4.06813	-10.9926
-8.21023	-7.31268
-12.9241	-20.0116
-10.3128	-17.2907
-3.87982	-7.69265
-12.4334	-13.4411
-13.9627	-16.181
-15.1559	-15.3435
-15.6391	-15.3807
-15.8874	-14.5567
-15.5063	-12.55
-9.5348	-5.41584
5.19843	-12.8936
4.24319	-8.18942
2.24533	-10.4843
-3.97421	-21.0365
-7.81282	-14.0902
-8.84258	-18.7362
-4.51228	-17.0781
-2.85784	-1.00099
-14.6937	-16.1358
-15.3989	-11.7376
-13.8488	-11.6085
-15.5	-11.1087
-14.7613	-14.0231
-10.5975	-18.6409
-9.00175	-19.5316
-8.95498	-19.91
-7.34695	-19.9067
-3.21979	-19.2782
-3.72907	-19.9968
1.17329	-20.3476
1.93079	-17.249
0.580903	-17.4141
3.94591	-16.217
2.09769	-14.8435
3.55504	-8.72188
-4.92776	-16.1736
-14.4842	-29.7405
-3.28693	-30.7021
-1.29055	-32.2333
-1.38231	-28.6122
-5.30019	-30.7874
-4.51716	-33.758
-2.95544	-32.977
-2.80825	-35.7154
-5.89985	-29.1263
-4.70282	-29.5752
-5.78168	-32.3518
-4.51552	-35.1789
-4.32779	-36.6528
-5.22147	-36.6644
-7.73637	-33.3786
-5.65908	-33.5811
-6.47439	-34.7045
-5.36413	-27.4745
-7.43067	-17.5605
-4.276	-14.6386
-3.84988	-8.01248
-1.39201	-6.13203
-1.72444	-3.23663
-2.29909	0.952395
-3.47615	7.64131
2.61956	6.96048
-0.809286	1.29584
-2.19051	2.62716
-7.04152	1.17287
-2.50757	1.16202
-4.17655	-3.0729
0.575997	-2.91626
1.19949	-1.5056
4.04841	-11.1211
1.34025	-3.47439
5.38662	-1.26342
1.23266	-2.58763
-1.54332	-6.98065
-1.66659	-7.83044
5.07616	-2.69
3.17725	-4.6131
-0.0195061	-7.05513
0.615438	-7.91105
5.15639	-12.055
5.06737	-5.74729
-0.516363	-6.00601
0.903418	-3.81103
4.75041	-6.11652
-6.32723	-3.4699
-0.444366	-4.38373
1.41612	-2.18625
3.68403	-4.58552
0.7814	-9.20893
4.37053	-7.16967
0.836968	-5.15131
-3.99141	-8.86686
-10.8412	-17.6095
-7.93894	-20.6521
-5.29281	-23.8909
-2.84831	-25.2895
-10.3211	-21.943
-12.3113	-20.3286
-9.06434	-21.6233
-11.8381	-19.6788
-12.9799	-15.9871
-13.7663	-15.607
-12.622	-18.1526
-12.7531	-17.4861
-9.00851	-16.3948
-9.75182	-16.5624
-6.05455	-3.07177
-19.3565	-4.17641
-13.1367	-0.777482
-14.3297	-8.4718
-14.3993	-8.20919
-12.9662	-12.6964
-10.1204	-10.6922
-11.3739	-14.0092
-12.1098	-16.3435
-13.8378	-16.2162
-15.2744	-18.4712
-11.2727	-20.8093
-8.46056	-23.6818
-5.2979	-21.7159
-7.24384	-14.6471
-8.21168	-15.2907
-10.7795	-15.4573
-12.8193	-14.1773
-13.9201	-13.7929
-14.2802	-12.7276
0.975629	-11.9584
-2.16356	-17.2398
-3.84781	-14.3658
-1.39565	-19.8024
-4.35014	-17.3317
-0.41062	-15.2795
-0.997447	-19.6548
-7.10652	-13.4829
-10.053	-15.6726
-9.57171	-16.2565
-8.73947	-16.2335
-5.87759	-17.9319
-5.79351	-17.5479
-3.41261	-18.8751
-5.31458	-18.0628
-7.08006	-15.2038
-11.0346	-12.2743
-7.70845	-12.7529
-7.94676	-11.5845
-8.48061	-12.9859
-8.07855	-13.9443
-2.57252	-22.4522
-5.53397	-18.9989
-6.34467	-19.6697
-6.18896	-19.6814
-5.0944	-18.1099
-8.77348	-13.4193
-8.03173	-9.19904
-1.85405	-7.74651
-7.88361	0.410919
-6.79174	-3.23563
-6.61792	-3.21586
-5.90103	-6.38533
-5.21293	-11.3116
1.77202	-2.83415
-8.33435	-17.2102
-12.0647	-10.7478
-15.3801	-14.5608
-14.5348	-16.2761
-9.14089	-18.6989
-4.71686	-14.4543
-9.53612	-8.68559
-8.69731	-6.34146
-12.358	-9.73745
-11.0989	-3.23493
1.90323	-5.96749
3.75697	-8.96775
3.042	-16.2613
3.06025	-11.6103
0.122165	-5.91464
3.20185	-12.7572
-1.55068	-13.3962
-13.5845	-17.6853
-0.531266	-25.0763
-5.50736	-25.3598
-1.82937	-31.1589
-4.18382	-31.1519
-3.02605	-34.4233
-3.17053	-34.7793
-1.73176	-35.9393
-1.69403	-37.6532
-2.82921	-35.7259
0.430626	-32.4286
0.512572	-24.071
8.51208	-14.7232
6.29257	-23.0361
-1.95903	-22.9105
-5.52051	-19.7662
-4.14369	-12.8354
-7.766	-8.16368
-6.59141	-8.47764
-5.19798	-12.2755
-8.63761	-14.0662
-2.98191	-25.3181
-10.4143	-22.7644
-10.9607	-21.8444
-13.051	-20.3609
-10.8595	-20.6336
-11.5294	-21.3401
-12.5962	-17.9525
-13.1276	-17.7147
-13.2122	-15.1966
-13.3888	-14.5355
-1.87046	-8.57432
5.97401	-9.59412
-2.20716	-14.7725
-3.94185	-11.7618
-4.44427	-11.1931
-7.65524	-10.057
-8.07668	-17.0624
-7.8982	-17.9473
-1.94106	-14.9939
-6.7529	-16.6561
4.53221	-31.0527
12.8838	-29.0491
2.61733	-27.9807
8.9756	-30.2188
0.215137	-31.9764
-2.38263	-31.2637
-4.76755	-27.9299
-1.41759	-31.8161
-1.48083	-33.1492
0.569981	-32.3086
2.72578	-32.7473
2.89039	-32.7807
4.6081	-32.8121
3.38455	-28.6848
5.63186	-25.1051
8.35994	-21.311
8.59677	-22.741
4.31438	-20.7143
4.58251	-19.2048
4.44673	-18.5825
3.97421	-17.598
4.18684	-21.9614
-0.570017	-27.0465
-8.43926	-27.856
-10.0976	-25.8422
-12.1806	-23.7349
-17.107	-18.6577
-10.4023	-23.362
-10.1705	-27.0943
-7.19072	-26.0222
-6.78932	-24.6235
-2.43866	-21.067
3.93069	-13.4988
-3.9267	-7.46621
-4.21491	-3.21697
-12.976	-4.15211
-12.7987	-6.58596
-11.9543	-0.603194
-17.8147	-1.72481
-21.6658	-4.95664
-11.5405	-4.9644
-12.6386	1.89317
-14.0115	0.109737
-16.1363	-2.80106
-11.9441	-6.48675
-9.17455	-10.0028
-9.6906	-14.6357
-12.9843	-4.07297
-11.6618	-2.02741
-10.4869	-7.43286
-7.8141	-3.19864
-7.93072	-6.46795
-5.63182	-2.27185
-2.24368	-0.306925
0.275604	-5.53388
3.26974	-2.94299
-4.71228	-7.02135
-0.15176	-7.91439
1.23129	-8.65409
5.33091	0.553713
-6.29373	-17.0236
-4.05195	-21.1367
0.0908365	-20.632
4.49843	-19.3939
4.58687	-24.055
6.5138	-27.0745
6.53582	-26.8629
3.05083	-24.4668
-0.512036	-22.4934
-3.8175	-15.9055
-2.41194	-16.4736
0.576512	-4.47224
-0.640496	-8.54791
-9.55114	-15.7441
-15.6558	-10.7222
-18.1419	-8.07998
-13.0931	-11.5535
-9.48598	-15.5639
-8.78247	-16.5021
-12.8343	-15.5991
-7.98195	-21.2236
-8.70709	-21.3312
-8.75387	-18.6923
-5.12042	-18.7841
0.0246294	-20.9681
7.25654	-25.7235
8.03553	-25.939
6.42757	-26.403
7.16864	-24.6131
-0.702286	-22.2414
-5.78129	-21.4345
-12.347	-14.1404
-11.7283	-14.5717
-14.6618	-14.0825
-16.7484	-15.0752
-18.2259	-13.5717
-20.8701	-15.4006
-23.4648	-15.1835
-25.2603	-16.1418
-25.5794	-15.6579
-25.7582	-14.2417
-26.1762	-15.3368
-25.8801	-12.5601
-24.9519	-13.8069
-21.8083	-13.2699
-20.8724	-10.6786
-17.8878	-10.9376
-19.1932	-10.2112
-18.5539	-13.3827
-18.8849	-13.209
-19.4424	-12.1817
-19.4884	-9.4882
-16.9165	-8.7915
-16.4913	-9.33185
-14.0617	-8.71999
-13.0401	-9.59814
-12.4265	-8.9611
-5.41646	-16.6901
2.29893	-20.0171
5.42234	-26.018
7.34158	-24.0538
5.84534	-29.4075
4.39793	-28.6645
3.43984	-27.7811
1.75834	-27.3672
1.29716	-27.7376
-0.486539	-25.6372
-0.187086	-20.8175
4.8052	-12.2387
0.874475	-12.8096
-6.28881	-15.3398
-4.01351	-21.0719
-11.4637	-18.4571
-14.0652	-10.3525
-9.09119	-14.1018
-15.815	-19.5543
-13.4284	-14.2711
-9.87731	-22.0069
-9.30935	-22.2564
-10.7355	-19.0699
-8.56627	-18.7527
-5.7968	-18.4433
-7.18463	-16.914
-3.85082	-16.3771
5.07653	-28.6922
6.0359	-25.6632
8.89626	-26.956
9.1808	-24.7765
5.5786	-21.2898
-7.52127	-11.2476
-1.26199	-14.3085
0.621344	-20.3722
-2.55061	-22.5737
-3.15397	-24.2752
-1.55687	-27.1986
-2.06134	-26.6416
-2.52307	-24.6761
-1.0276	-14.7823
3.6271	-10.9175
3.61548	-7.60476
-0.297812	-21.6633
-3.79031	-29.3026
0.872349	-16.8354
0.338373	-34.4286
-3.05282	-37.5985
-4.13906	-33.0394
3.39419	-37.7606
7.44502	-33.9825
5.37089	-24.6011
3.12755	-19.1178
6.33042	-13.3762
7.81624	-15.8582
2.65936	-11.1973
1.17443	-10.1585
-1.60308	-11.7269
0.799084	-16.8897
3.65744	-14.9479
-0.221731	-8.82112
3.30598	-8.10678
-6.26946	-3.26346
-11.9068	-2.32644
-7.14185	-7.21788
-5.06745	-14.1207
4.92149	-19.0606
2.90074	-34.0357
3.10189	-38.2898
0.804793	-33.9335
-1.97024	-27.5566
-10.2594	-23.0134
-13.5613	-20.3583
-10.6746	-19.1561
-17.0559	-13.4093
-9.9296	-15.5378
-16.9487	-15.3027
-15.6482	-15.9144
-18.4352	-10.1004
-13.0226	-13.5759
-9.8901	-13.3479
-5.22624	-10.8318
0.0798418	-7.72506
0.431259	-8.84941
-5.50098	-13.8689
-3.1876	-9.21327
-1.35074	-15.3374
0.464531	-7.20417
2.82815	-6.47711
3.29376	-2.87492
1.49635	-4.59705
-0.84325	-0.790226
-14.3054	-6.46458
-10.8474	-3.74684
-10.1129	-2.54094
-6.56528	0.322658
-6.75878	-9.99249
-0.545585	-12.0173
1.5063	-10.2482
0.878072	-5.64707
2.11018	-6.94814
2.43908	-4.85856
0.561017	-1.12536
-3.07137	-7.58702
4.86826	-7.29351
4.44588	-7.48932
2.50012	-3.67645
-0.938808	-6.4143
4.47331	-6.84252
3.79991	-4.82279
3.92319	3.53956
4.44176	-6.05839
5.44342	-8.16679
0.266967	-6.12028
1.33036	-3.11258
-1.37942	-11.8515
2.08069	-6.57958
-3.28661	-30.0096
-1.91205	-31.1931
-0.527343	-32.5975
-1.17078	-28.3236
-3.48754	-25.1305
-6.09061	-23.2657
-10.1857	-18.8916
-12.3132	-17.0891
-14.8605	-15.3591
-18.868	-15.2477
-21.2305	-15.1653
-21.7188	-14.5003
-18.3964	-15.2847
-19.8659	-10.411
-17.0708	-10.5238
-17.3121	-8.00659
-13.4736	-8.43746
-12.7088	-8.44137
-11.0208	-5.95943
-10.6955	-6.88778
-6.70046	-8.70001
-3.77106	-14.8085
-0.763939	-20.1157
0.322811	-29.4567
-1.20224	-36.804
-3.77789	-39.5752
-5.29816	-41.2495
-7.04465	-39.324
-7.64234	-40.1777
-7.48692	-39.6619
-5.87727	-39.2512
-3.58536	-39.1343
-0.673833	-37.9833
4.01884	-38.6014
7.9137	-35.9006
7.94828	-28.2071
4.92052	-25.0925
-0.554383	-21.0322
-0.490123	-23.7406
0.867151	-26.8178
0.309341	-33.0242
-4.45553	-31.6104
-1.12785	-29.9617
2.2696	-32.9497
1.28854	-31.4642
-1.95586	-21.2391
-6.84994	-18.0731
-6.7641	-17.6661
-7.68932	-16.7824
-7.64479	-18.045
-8.27616	-17.5835
-8.4343	-19.6925
-9.11079	-18.5161
-8.67942	-20.989
-9.60325	-22.1778
-11.1272	-22.1101
-12.2541	-19.8277
-14.6968	-18.753
-11.7816	-19.2321
-6.34153	-19.9591
-7.58475	-3.16983
-11.9029	0.11705
-18.3383	-4.13375
-14.6904	-9.99599
-14.3637	-10.7149
-13.6917	-6.97206
-13.9309	-7.51635
-9.55656	-16.9382
-10.0684	-17.0252
-5.8154	-10.8007
-7.12343	-14.1717
-4.84775	-18.375
-2.18605	-22.0551
0.966498	-26.0048
2.23189	-26.281
1.07561	-24.7341
2.33568	-24.5344
3.14356	-22.8109
4.68284	-20.4726
-0.926411	-20.7502
4.67688	-11.661
2.4985	-9.99433
1.21756	-11.155
-3.01387	-8.97466
2.71987	-4.05666
-10.3081	-15.6032
-21.1229	-7.53945
-20.6911	-7.38439
-19.8014	-8.63379
-17.7754	-10.2642
-15.5149	-12.0593
-16.3902	-8.0619
-12.2452	-5.28843
-13.5131	-3.98997
-15.575	-0.938949
-16.7196	-4.44984
-10.6668	-7.92121
-2.83804	-11.8216
3.95635	-7.54209
1.96045	-6.52684
-5.963	-21.8238
-5.25903	-22.2244
-9.3792	-18.5621
-4.94753	-23.1352
-2.86251	-17.8241
4.02547	-15.2153
6.71455	-13.0894
3.96909	-10.7288
3.39	-10.1026
-1.1594	-8.728
-0.940993	-9.01683
0.995136	-7.82288
-8.51559	-15.334
-8.04145	-23.1858
7.58815	-14.9747
-1.7431	-28.4817
-3.14298	-35.53
-0.410439	-38.0307
-2.81361	-34.1734
1.7642	-30.8007
6.91177	-24.9795
6.81462	-26.6652
2.27849	-26.5677
0.702831	-29.6382
1.42583	-31.1416
1.80657	-27.9898
-0.287686	-22.5835
-0.804473	-21.147
-7.13916	-15.266
-10.3864	-16.0185
-10.29	-12.9571
-5.69926	-14.1154
-10.5612	-0.10753
1.24498	-8.17914
-4.80207	-7.93133
-2.15483	-5.01104
-2.30394	-4.16196
4.81348	-5.05897
-4.14474	-13.6538
-3.71943	-23.3177
-5.03736	-22.5133
-5.74573	-20.6452
-8.05405	-16.1963
-9.40982	-11.6798
-12.1129	-8.58119
-14.033	-6.2393
-15.2846	-7.16904
-13.4687	-11.0073
-12.6234	-15.58
-4.48122	-12.9442
-1.30056	1.38773
-2.74475	1.7354
-11.7349	2.50891
-12.262	5.22587
-7.40117	-4.70304
-17.376	-12.2767
-6.23676	-4.78799
-4.76837	-16.194
-5.65918	-16.7885
5.08261	-15.3077
8.58594	-14.3962
-7.24012	-15.7801
-6.88987	-20.4097
-8.14951	-21.4379
-7.5039	-17.5134
-8.49162	-14.6566
-5.04254	-13.1012
-1.90083	-15.4188
5.24149	-17.8216
4.26823	-17.3104
4.26377	-19.8927
3.44749	-20.8411
1.76174	-19.4423
-1.72104	-17.0543
-3.09577	-14.8764
-4.79703	-10.1659
-5.78396	-7.80783
-5.45728	-7.68137
-4.99625	-4.74638
-6.72596	-2.95257
-7.92925	-2.58249
-6.6538	-5.2666
-10.3408	-7.84956
-10.511	-14.9252
-9.28623	-18.195
-12.2049	-21.4037
-8.33881	-26.299
-7.81644	-29.3182
-10.7559	-16.9077
-12.0498	-11.9145
-3.93481	-17.1286
-2.79919	-17.4128
-4.80441	-19.7725
2.73165	-14.0201
3.24243	-9.20545
4.49198	-10.3926
8.12651	-6.74221
3.77303	-4.01175
9.14683	-1.45368
10.0322	-3.57146
-6.14889	-23.2664
-11.3328	-23.7897
-12.1226	-31.3746
-15.7354	-26.6555
-12.5147	-26.1266
-10.1056	-23.3563
-6.74291	-20.727
6.07607	-21.931
7.53007	-22.4293
6.7103	-22.1375
4.44511	-18.2811
1.74528	-19.014
-4.61524	-16.3554
-6.56721	-16.3459
-7.20396	-16.7835
-8.03181	-16.113
-10.9446	-15.653
-11.6331	-15.5111
-4.01628	-22.2954
-1.27306	-23.8005
-1.31033	-17.6304
-0.715941	-8.62285
-0.513966	-7.48113
4.90783	-4.0516
3.46937	-7.67561
-2.25034	-12.3335
1.08638	-24.8025
-2.73719	-26.9037
-14.1135	-12.737
-17.551	-7.15178
-15.8262	-11.5836
-14.9245	-14.5342
-17.3129	-14.4395
-17.958	-13.2143
-17.5443	-16.6103
-11.9282	-19.8725
-14.0333	-14.3519
-9.87302	-4.17236
-11.0155	-0.620377
-10.6329	1.8477
-7.88767	0.764611
-5.95372	-7.17463
-9.77564	-15.5535
-10.4838	-10.7744
-12.8994	-10.7078
-10.0494	-9.57215
-1.32799	-5.56391
-2.46166	-8.80814
0.58083	-12.6243
1.99563	-9.59921
-6.98834	-15.1823
-14.9079	-12.4593
-15.059	-14.7062
-16.0969	-13.1623
-15.0525	-16.0068
-13.6435	-17.7115
-9.78148	-21.8822
-6.36384	-16.3774
-8.48678	-18.7753
-5.83721	-21.8086
-7.60715	-22.9405
-4.70075	-13.5696
0.570113	-9.48343
-1.15281	-8.97671
2.67727	-14.4206
2.9248	-13.322
2.23395	-4.5108
1.0983	-12.1395
3.82055	-9.85178
1.75686	-7.32787
-6.72329	-18.0702
-13.6554	-15.1237
-19.2491	-15.2319
-11.6084	-17.6196
-7.51929	-18.3576
-7.30088	-12.5379
1.75254	-6.64868
6.31223	-11.0763
4.72626	-10.004
-2.18226	-13.2557
-6.939	-17.9925
-7.15723	-18.5482
-2.34721	-17.9796
1.27005	-23.7281
0.707918	-37.2941
1.73751	-41.5671
0.176038	-40.1397
1.33776	-41.8349
0.427663	-39.8646
2.05187	-39.3977
2.78545	-38.3095
5.02775	-36.8424
2.69164	-34.6065
0.110909	-29.4757
1.86334	-26.8618
0.445199	-24.697
0.0379911	-24.6195
-0.0831264	-11.4947
-1.8365	-10.1181
-3.98155	-17.8891
-7.69765	-11.1567
-10.3677	-3.48634
-6.40402	-7.13376
-4.62612	-21.3774
-11.8351	-24.318
-13.8486	-26.4213
-14.5826	-25.8066
-14.4518	-20.6852
-10.7274	-19.6584
-8.95659	-19.2629
-7.12865	-22.5483
-10.5095	-20.1593
-12.2311	-18.9365
-11.9377	-19.6773
-11.4728	-17.4882
-8.89175	-17.2391
-8.19566	-19.7672
-6.38255	-25.4606
-7.8644	-31.6878
-10.7152	-33.5713
-13.4883	-31.0275
-12.1982	-25.5117
3.93079	-31.4344
4.14783	-29.7238
1.29677	-30.4044
1.82872	-30.4489
2.44914	-31.3968
3.67883	-22.3019
0.461707	-16.0758
5.66985	-12.3773
-0.335023	-17.8073
-11.0758	-16.4265
-5.51021	-18.8277
-3.28077	-22.4938
-5.20324	-27.3066
-10.5352	-21.2921
-10.8358	-19.3216
-7.55004	-19.7221
-4.53014	-24.6579
-3.00957	-26.7199
-5.35309	-19.0998
-2.49995	-26.0835
0.339059	-29.3726
-2.55586	-26.7569
-5.49997	-21.4866
-5.6921	-13.5399
-6.50991	-14.1455
-6.72311	-14.1459
-8.07203	-16.3585
-11.4491	-16.8532
-12.7357	-16.724
-12.5612	-18.1766
-12.7981	-18.5101
-11.2959	-14.8245
-10.4548	-14.1845
-6.02258	-16.4437
-3.49547	-19.5306
0.897066	-22.0532
5.74194	-24.9471
6.35066	-30.7225
5.7572	-32.9009
4.86672	-32.4817
1.95498	-28.4479
-9.25482	-22.5892
-14.0554	-20.5465
-18.7642	-21.5482
-18.8691	-21.1002
-19.876	-22.4461
-19.0571	-26.3161
-18.3311	-31.4086
-14.8999	-36.3785
-11.2197	-36.6601
-7.37632	-34.2907
-5.85878	-30.0919
-5.54347	-24.877
-7.69634	-20.4212
-7.09323	-19.0603
-4.39791	-21.3637
-3.87074	-21.8345
-4.90019	-23.3604
-11.4961	-18.7742
-6.20429	-23.8531
-9.78711	-19.089
-13.0456	-16.2362
-14.5255	-12.5356
-14.5374	-10.427
-17.2976	-8.15877
-18.2351	-7.67161
-18.5069	-10.7477
-16.8507	-15.4304
-11.64	-19.5163
-7.22846	-21.6408
-3.58224	-23.6651
0.41925	-23.4385
6.00085	-21.8798
6.50202	-28.7572
4.59407	-29.8297
5.36043	-30.9497
5.41899	-27.9824
3.55871	-25.8514
-6.29274	-17.1301
-12.5723	-14.2284
-14.1212	-18.5466
-11.1847	-25.6022
-9.46198	-29.7081
-7.47427	-34.5011
-5.30327	-34.6464
-3.9761	-32.5525
-1.94195	-29.7169
-1.51569	-28.5289
-3.62411	-21.926
-9.31163	-14.2425
-5.08501	-16.2153
-1.33857	-9.64036
-8.227	-1.15391
-9.423	-0.11889
-10.0456	-0.622896
-8.69853	-2.68771
-12.0015	-3.41371
-11.4267	-13.8972
-6.38937	-9.37929
-2.24825	-6.74076
-3.95142	-6.60122
-2.93746	-5.96873
2.00068	-6.58975
-1.33585	-15.1779
-10.5911	-18.3002
-16.1314	-14.9879
-13.4376	-14.5102
-8.99752	-13.4346
0.250542	-12.4582
-0.816137	-17.1063
2.29246	-23.4981
5.01445	-26.7871
7.73749	-35.1158
6.22124	-40.5554
1.92365	-37.1844
0.0628793	-36.9627
-1.4727	-39.5911
-3.22776	-39.2725
-2.84077	-39.7514
-0.712607	-42.0695
-0.683914	-36.9491
-1.17981	-37.1513
-2.92459	-33.2621
-5.47009	-31.6585
-3.32758	-24.9686
0.852905	-18.5246
2.09036	-23.6577
-0.973799	-23.7388
-1.78147	-18.7829
-3.52173	-19.5694
-4.24611	-20.4565
-10.3628	-18.1748
3.63521	-17.6973
1.34333	-14.3038
1.27237	-16.3022
-6.74439	-31.748
-10.3529	-29.9306
-3.15552	-35.789
0.456391	-36.0626
5.9267	-21.5116
0.642328	-24.3715
1.94187	-20.7572
9.5772	-13.4687
5.66068	-13.4693
-2.14043	-11.7515
-3.76863	-16.9003
-0.0729159	-21.5678
3.09749	-10.5581
3.19336	4.09989
-1.86881	-4.35657
4.50334	-7.59141
1.93683	-11.7642
-2.88416	-9.12091
-4.87891	-0.072041
-2.93251	-1.75244
-1.64411	-7.39043
-4.77766	-1.98068
-2.48778	-5.257
0.178221	-1.86124
-2.5627	-8.84919
-5.74082	-11.9884
-3.34035	-2.15615
-0.716521	-6.49291
3.6901	-1.06833
-1.10186	-6.95094
-1.74317	-9.08683
4.01628	-2.98341
3.0067	-2.05166
2.70029	0.198565